0.2671482867213819
0.11297384251628258
0.07595138778363242
0.10167728014604112
0.10669325168460864
0.15120740357088014
0.10534925540598142
0.14443455882901649
0.1758440084751341
0.12680285763760923
0.11975536917931101
0.12325301533218387
0.097808986223737
0.10281179558108385
0.10106940909065935
0.1425813072111607
0.12491994595105418
0.1302441519921663
0.10814065755405596
0.10106940909065935
0.10281179558108385
0.097808986223737
0.1061567064003151
0.22720026569015928
0.12325301533218387
0.10106940909065935
0.10814065755405596
0.097808986223737
0.12491994595105418
0.097808986223737
0.10106940909065935
0.07595138778363242
0.10669325168460864
0.1302441519921663
0.10281179558108385
0.1115938977140747
0.10002048980504007
0.12249577768524193
0.10106940909065935
0.10106940909065935
0.10533612276645903
0.09816469523740867
0.08906933580975356
0.10959796553785932
0.07595138778363242
0.097808986223737
0.097808986223737
0.10669325168460864
0.07595138778363242
0.097808986223737
0.097808986223737
0.07595138778363242
0.0775697957913543
0.09597948424923168
0.09816469523740867
0.10533612276645903
0.09542762151705109
0.08677985223451228
0.08906933580975356
0.10959796553785932
0.07595138778363242
0.08906933580975356
0.08677985223451228
0.0775697957913543
0.097808986223737
0.07595138778363242
0.07595138778363242
0.07595138778363242
0.07595138778363242
0.0775697957913543
0.08677985223451228
0.097808986223737
0.09542762151705109
0.07595138778363242
0.09597948424923168
0.0775697957913543
0.07595138778363242
0.07595138778363242
0.09597948424923168
0.07595138778363242
0.07595138778363242
0.0775697957913543
0.07595138778363242
0.07595138778363242
0.07595138778363242
0.07595138778363242
0.07595138778363242
0.07595138778363242
0.07595138778363242
0.07595138778363242
0.0775697957913543
0.07595138778363242
0.07595138778363242
0.07595138778363242
0.08906933580975356
0.07595138778363242
0.07595138778363242
0.07595138778363242
0.07595138778363242
0.08677985223451228
0.07595138778363242
0.07595138778363242
0.07595138778363242
0.07595138778363242
0.07595138778363242
0.07595138778363242
0.07595138778363242
0.07595138778363242
0.07595138778363242
0.07595138778363242
0.07595138778363242
0.07595138778363242
0.07595138778363242
0.07595138778363242
0.08677985223451228
0.07595138778363242
0.07595138778363242
0.07595138778363242
0.07595138778363242
0.07595138778363242
0.07595138778363242
0.07595138778363242
0.07595138778363242
0.07595138778363242
0.07595138778363242
0.07595138778363242
0.07595138778363242
0.07595138778363242
0.07595138778363242
0.07595138778363242
0.07595138778363242
0.07595138778363242
0.07595138778363242
0.07595138778363242
0.07595138778363242
0.07595138778363242
0.07595138778363242
0.07595138778363242
0.07595138778363242
0.07595138778363242
0.07595138778363242
0.07595138778363242
0.07595138778363242
0.07595138778363242
0.07595138778363242
0.07595138778363242
0.07595138778363242
0.07595138778363242
0.07595138778363242
0.07595138778363242
0.07595138778363242
0.07595138778363242
0.07595138778363242
0.07595138778363242
0.07595138778363242
0.07595138778363242
0.07595138778363242
0.07595138778363242
0.07595138778363242
0.07595138778363242
0.07595138778363242
0.07595138778363242
0.07595138778363242
0.07595138778363242
0.07595138778363242
0.07595138778363242
0.07595138778363242
0.07595138778363242
0.07595138778363242
0.07595138778363242
0.07595138778363242
0.07595138778363242
0.07595138778363242
0.07595138778363242
0.07595138778363242
0.07595138778363242
0.07595138778363242
0.07595138778363242
0.07595138778363242
0.07595138778363242
0.07595138778363242
0.07595138778363242
0.07595138778363242
0.07595138778363242
0.07595138778363242
0.07595138778363242
0.07595138778363242
0.07595138778363242
0.07595138778363242
0.07595138778363242
0.0775697957913543
0.07595138778363242
0.07595138778363242
0.07595138778363242
0.07595138778363242
0.07595138778363242
0.07595138778363242
0.07595138778363242
0.07595138778363242
0.07595138778363242
0.07595138778363242
0.07595138778363242
0.07595138778363242
0.07595138778363242
0.07595138778363242
0.07595138778363242
0.07595138778363242
0.07595138778363242
0.07595138778363242
0.07595138778363242
0.07595138778363242
0.07595138778363242
0.07595138778363242
0.07595138778363242
0.07595138778363242
0.07595138778363242
0.07595138778363242
0.07595138778363242
0.07595138778363242
0.07595138778363242
0.07595138778363242
0.07595138778363242
0.07595138778363242
0.07595138778363242
0.07595138778363242
0.07595138778363242
0.07595138778363242
0.07595138778363242
0.07595138778363242
0.07595138778363242
0.07595138778363242
0.07595138778363242
0.07595138778363242
0.07595138778363242
0.07595138778363242
0.07595138778363242
0.07595138778363242
0.07595138778363242
0.07595138778363242
0.11874461197376698
0.07595138778363242
0.07595138778363242
0.07595138778363242
0.07595138778363242
0.07595138778363242
0.07595138778363242
0.07595138778363242
0.07595138778363242
0.07595138778363242
0.07595138778363242
0.07595138778363242
0.07595138778363242
0.07595138778363242
0.07595138778363242
0.07595138778363242
0.07595138778363242
0.07595138778363242
0.07595138778363242
0.07595138778363242
0.07595138778363242
0.07595138778363242
0.07595138778363242
0.07595138778363242
0.07595138778363242
0.07595138778363242
0.07595138778363242
0.07595138778363242
0.07595138778363242
0.07595138778363242
0.07595138778363242
0.07595138778363242
0.07595138778363242
0.07595138778363242
0.07595138778363242
0.07595138778363242
0.07595138778363242
0.07595138778363242
0.07457144298142454
0.07595138778363242
0.07595138778363242
0.07457144298142454
0.07595138778363242
0.07595138778363242
0.07457144298142454
0.07457144298142454
0.07457144298142454
0.07595138778363242
0.07595138778363242
0.07595138778363242
0.07595138778363242
0.07595138778363242
0.07595138778363242
0.07595138778363242
0.07595138778363242
0.07595138778363242
0.07595138778363242
0.07595138778363242
0.07595138778363242
0.07595138778363242
0.07595138778363242
0.07595138778363242
0.07595138778363242
0.07457144298142454
0.07595138778363242
0.07457144298142454
0.07457144298142454
0.07457144298142454
0.07595138778363242
0.07595138778363242
0.07457144298142454
0.07457144298142454
0.07457144298142454
0.07457144298142454
0.07457144298142454
0.07595138778363242
0.07595138778363242
0.07595138778363242
0.07595138778363242
0.07457144298142454
0.07595138778363242
0.07457144298142454
0.07457144298142454
0.07595138778363242
0.07457144298142454
0.07457144298142454
0.07457144298142454
0.07457144298142454
0.07457144298142454
0.07457144298142454
0.07457144298142454
0.07457144298142454
0.07457144298142454
0.07595138778363242
0.07595138778363242
0.07457144298142454
0.07457144298142454
0.07595138778363242
0.07595138778363242
0.07457144298142454
0.07457144298142454
0.07457144298142454
0.07457144298142454
0.07457144298142454
0.07457144298142454
0.07457144298142454
0.07457144298142454
0.07457144298142454
0.07457144298142454
0.07457144298142454
0.07457144298142454
0.07457144298142454
0.07457144298142454
0.07457144298142454
0.07457144298142454
0.07457144298142454
0.07457144298142454
0.07457144298142454
0.07457144298142454
0.07457144298142454
0.07457144298142454
0.07457144298142454
0.07457144298142454
0.07457144298142454
0.07457144298142454
0.08677985223451228
0.07457144298142454
0.07457144298142454
0.07457144298142454
0.07457144298142454
0.07457144298142454
0.07457144298142454
0.07457144298142454
0.07457144298142454
0.07457144298142454
0.07457144298142454
0.07457144298142454
0.07457144298142454
0.07457144298142454
0.07457144298142454
0.07457144298142454
0.07457144298142454
0.07457144298142454
0.07457144298142454
0.07457144298142454
0.07457144298142454
0.07457144298142454
0.07457144298142454
0.07457144298142454
0.07457144298142454
0.07457144298142454
0.07457144298142454
0.07457144298142454
0.07457144298142454
0.07457144298142454
0.07457144298142454
0.07457144298142454
0.07457144298142454
0.07457144298142454
0.07457144298142454
0.07457144298142454
0.07457144298142454
0.07457144298142454
0.07457144298142454
0.07457144298142454
0.07457144298142454
0.07457144298142454
0.07457144298142454
0.07457144298142454
0.08745092780203173
0.07457144298142454
0.07457144298142454
0.07457144298142454
0.07457144298142454
0.07457144298142454
0.07457144298142454
0.07457144298142454
0.07457144298142454
0.07457144298142454
0.07457144298142454
0.07457144298142454
0.07457144298142454
0.07457144298142454
0.07457144298142454
0.07457144298142454
0.07457144298142454
0.07457144298142454
0.07457144298142454
0.07457144298142454
0.07457144298142454
0.07457144298142454
0.07457144298142454
0.07457144298142454
0.07457144298142454
0.07457144298142454
0.07457144298142454
0.07457144298142454
0.07457144298142454
0.07457144298142454
0.07457144298142454
0.07457144298142454
0.07457144298142454
0.07457144298142454
0.07457144298142454
0.07457144298142454
0.07457144298142454
0.07457144298142454
0.07457144298142454
0.07457144298142454
0.07457144298142454
0.07457144298142454
0.07457144298142454
0.07457144298142454
0.07457144298142454
0.07457144298142454
0.07457144298142454
0.07457144298142454
0.07457144298142454
0.07457144298142454
0.07457144298142454
0.07457144298142454
0.07457144298142454
0.07457144298142454
0.07457144298142454
0.07457144298142454
0.07457144298142454
0.07457144298142454
0.07618985098914637
0.07457144298142454
0.07457144298142454
0.07595138778363242
0.07457144298142454
0.07457144298142454
0.07457144298142454
0.07457144298142454
0.07457144298142454
0.07457144298142454
0.07457144298142454
0.07457144298142454
0.07457144298142454
0.07457144298142454
0.07457144298142454
0.07457144298142454
0.07457144298142454
0.07457144298142454
0.07457144298142454
0.07457144298142454
0.07457144298142454
0.07457144298142454
0.07457144298142454
0.07457144298142454
0.07457144298142454
0.07457144298142454
0.07457144298142454
0.07457144298142454
0.07457144298142454
0.07457144298142454
0.07457144298142454
0.07457144298142454
0.07457144298142454
0.07457144298142454
0.07457144298142454
0.07457144298142454
0.07457144298142454
0.07457144298142454
0.07457144298142454
0.07457144298142454
0.07457144298142454
0.07457144298142454
0.07457144298142454
0.07457144298142454
0.07595138778363242
0.07457144298142454
0.07457144298142454
0.07457144298142454
0.07457144298142454
0.07457144298142454
0.07457144298142454
0.07457144298142454
0.07457144298142454
0.07457144298142454
0.07457144298142454
0.07457144298142454
0.07457144298142454
0.07457144298142454
0.07457144298142454
0.07457144298142454
0.07457144298142454
0.07457144298142454
0.07457144298142454
0.07457144298142454
0.07457144298142454
0.07457144298142454
0.07457144298142454
0.07457144298142454
0.07457144298142454
0.07457144298142454
0.07457144298142454
0.07457144298142454
0.07457144298142454
0.07457144298142454
0.07457144298142454
0.07457144298142454
0.07457144298142454
0.07457144298142454
0.07457144298142454
0.07457144298142454
0.07457144298142454
0.07457144298142454
0.07457144298142454
0.07457144298142454
0.07457144298142454
0.07457144298142454
0.07457144298142454
0.07457144298142454
0.07457144298142454
0.07457144298142454
0.07457144298142454
0.07457144298142454
0.07457144298142454
0.07457144298142454
0.07457144298142454
0.07457144298142454
0.07457144298142454
0.07457144298142454
0.07457144298142454
0.07457144298142454
0.07457144298142454
0.07457144298142454
0.07457144298142454
0.07457144298142454
0.07457144298142454
0.07457144298142454
0.07457144298142454
0.07457144298142454
0.07457144298142454
0.07457144298142454
0.07457144298142454
0.07457144298142454
0.07457144298142454
0.07457144298142454
0.07457144298142454
0.07457144298142454
0.07457144298142454
0.07457144298142454
0.07457144298142454
0.07457144298142454
0.07457144298142454
0.07457144298142454
0.07457144298142454
0.07457144298142454
0.07457144298142454
0.07457144298142454
0.07457144298142454
0.07457144298142454
0.07457144298142454
0.07457144298142454
0.07457144298142454
0.07457144298142454
0.07457144298142454
0.07457144298142454
0.07457144298142454
0.07457144298142454
0.0860709829998238
0.07457144298142454
0.07457144298142454
0.07457144298142454
0.07457144298142454
0.07457144298142454
0.07457144298142454
0.07457144298142454
0.07457144298142454
0.07457144298142454
0.07457144298142454
0.07457144298142454
0.07457144298142454
0.07457144298142454
0.07457144298142454
0.07457144298142454
0.07457144298142454
0.07457144298142454
0.07457144298142454
0.07457144298142454
0.07457144298142454
0.07457144298142454
0.07457144298142454
0.07457144298142454
0.07457144298142454
0.07457144298142454
0.07457144298142454
0.07457144298142454
0.07457144298142454
0.07457144298142454
0.07457144298142454
0.07457144298142454
0.07457144298142454
0.07457144298142454
0.07457144298142454
0.07457144298142454
0.07457144298142454
0.07457144298142454
0.07457144298142454
0.1486131252313632
0.07457144298142454
0.07457144298142454
0.07457144298142454
0.07457144298142454
0.07457144298142454
0.07457144298142454
0.07457144298142454
0.07457144298142454
0.07457144298142454
0.07457144298142454
0.07457144298142454
0.07457144298142454
0.07457144298142454
0.07457144298142454
0.07457144298142454
0.07457144298142454
0.07457144298142454
0.07457144298142454
0.07457144298142454
0.07457144298142454
0.07457144298142454
0.07457144298142454
0.07457144298142454
0.07457144298142454
0.07457144298142454
0.07457144298142454
0.07457144298142454
0.07457144298142454
0.07457144298142454
0.07457144298142454
0.07457144298142454
0.07457144298142454
0.07457144298142454
0.07457144298142454
0.07457144298142454
0.07457144298142454
0.07457144298142454
0.07457144298142454
0.07457144298142454
0.07595138778363242
0.07457144298142454
0.07457144298142454
0.07457144298142454
0.07457144298142454
0.07457144298142454
0.07457144298142454
0.07457144298142454
0.07457144298142454
0.07457144298142454
0.07457144298142454
0.07457144298142454
0.0853999074323044
0.07457144298142454
0.07457144298142454
0.07457144298142454
0.07457144298142454
0.07457144298142454
0.07457144298142454
0.07457144298142454
0.07457144298142454
0.07457144298142454
0.07457144298142454
0.1486131252313632
0.07457144298142454
0.07457144298142454
0.07457144298142454
0.07457144298142454
0.07457144298142454
0.07457144298142454
0.07457144298142454
0.07457144298142454
0.07457144298142454
0.07457144298142454
0.07457144298142454
0.07457144298142454
0.07457144298142454
0.07457144298142454
0.07457144298142454
0.07457144298142454
0.07457144298142454
0.07457144298142454
0.07457144298142454
0.07457144298142454
0.07457144298142454
0.07457144298142454
0.07457144298142454
0.07457144298142454
0.07457144298142454
0.07457144298142454
0.07457144298142454
0.07457144298142454
0.07457144298142454
0.07457144298142454
0.07457144298142454
0.07457144298142454
0.10677015503294246
0.07457144298142454
0.07457144298142454
0.07457144298142454
0.07457144298142454
0.07457144298142454
0.07457144298142454
0.07457144298142454
0.07457144298142454
0.07457144298142454
0.07457144298142454
0.07457144298142454
0.07457144298142454
0.07457144298142454
0.07457144298142454
0.07457144298142454
0.07457144298142454
0.07457144298142454
0.07457144298142454
0.07457144298142454
0.07457144298142454
0.07457144298142454
0.07457144298142454
0.12870967987247012
0.09084996800811188
0.18525819843652933
0.12770779027157508
0.12434836552190068
0.15789603361513624
0.2548363434771548
0.07595138778363242
0.2001663575006795
0.11297384251628258
0.11594376226906691
0.2726942113218467
0.14925391094933121
0.14427755232650863
0.12280754939638629
0.08677985223451228
0.07457144298142454
0.07457144298142454
0.07457144298142454
0.07457144298142454
0.07457144298142454
0.07457144298142454
0.12132780182693843
0.08677985223451228
0.07595138778363242
0.07457144298142454
0.07457144298142454
0.07457144298142454
0.07595138778363242
0.07595138778363242
0.07457144298142454
0.15789603361513624
0.07457144298142454
0.07457144298142454
0.09084996800811188
0.12870967987247012
0.07595138778363242
0.0853999074323044
0.08292805296454393
0.11594376226906691
0.07457144298142454
0.07457144298142454
0.07457144298142454
0.0853999074323044
0.07457144298142454
0.08530802630085976
0.07457144298142454
0.07457144298142454
0.07457144298142454
0.07457144298142454
0.07457144298142454
0.07457144298142454
0.07457144298142454
0.07457144298142454
0.07457144298142454
0.07457144298142454
0.07457144298142454
0.07457144298142454
0.07457144298142454
0.07457144298142454
0.07457144298142454
0.07457144298142454
0.07457144298142454
0.07457144298142454
0.07457144298142454
0.07457144298142454
0.07457144298142454
0.07457144298142454
0.07457144298142454
0.07457144298142454
0.07457144298142454
0.07457144298142454
0.07457144298142454
0.07457144298142454
0.07457144298142454
0.07457144298142454
0.07457144298142454
0.07457144298142454
0.07457144298142454
0.07457144298142454
0.07457144298142454
0.07457144298142454
0.07457144298142454
0.07457144298142454
0.07457144298142454
0.07457144298142454
0.07457144298142454
0.07457144298142454
0.07457144298142454
0.07457144298142454
0.07457144298142454
0.07457144298142454
0.07457144298142454
0.07457144298142454
0.07457144298142454
0.07457144298142454
0.07457144298142454
0.07457144298142454
0.07457144298142454
0.07457144298142454
0.07457144298142454
0.07457144298142454
0.07457144298142454
0.07457144298142454
0.07457144298142454
0.07457144298142454
0.07457144298142454
0.07457144298142454
0.07457144298142454
0.07457144298142454
0.07457144298142454
0.07457144298142454
0.07457144298142454
0.07457144298142454
0.07457144298142454
0.07457144298142454
0.07457144298142454
0.07457144298142454
0.07457144298142454
0.07457144298142454
0.07457144298142454
0.07457144298142454
0.07457144298142454
0.07457144298142454
0.07457144298142454
0.07457144298142454
0.07457144298142454
0.07457144298142454
0.07457144298142454
0.07457144298142454
0.07457144298142454
0.07457144298142454
0.07457144298142454
0.07457144298142454
0.07457144298142454
0.07457144298142454
0.07457144298142454
0.07457144298142454
0.07457144298142454
0.07457144298142454
0.07457144298142454
0.07457144298142454
0.07457144298142454
0.07457144298142454
0.07457144298142454
0.07457144298142454
0.07457144298142454
0.07457144298142454
0.07457144298142454
0.07457144298142454
0.07457144298142454
0.07457144298142454
0.07457144298142454
0.07457144298142454
0.07457144298142454
0.07457144298142454
0.07457144298142454
0.07457144298142454
0.07457144298142454
0.07457144298142454
0.07457144298142454
0.07457144298142454
0.07457144298142454
0.07457144298142454
0.07457144298142454
0.07595138778363242
0.07457144298142454
0.07457144298142454
0.07457144298142454
0.07457144298142454
0.07457144298142454
0.07457144298142454
0.07457144298142454
0.07457144298142454
0.07457144298142454
0.07457144298142454
0.07457144298142454
0.07457144298142454
0.07457144298142454
0.07457144298142454
0.07457144298142454
0.07457144298142454
0.07595138778363242
0.07457144298142454
0.07457144298142454
0.07457144298142454
0.07457144298142454
0.07457144298142454
0.11596978704766187
0.07457144298142454
0.07457144298142454
0.07457144298142454
0.07457144298142454
0.07457144298142454
0.07457144298142454
0.07457144298142454
0.07457144298142454
0.07457144298142454
0.07457144298142454
0.07457144298142454
0.07457144298142454
0.07457144298142454
0.07457144298142454
0.11549444997837335
0.07457144298142454
0.07457144298142454
0.07457144298142454
0.07457144298142454
0.07457144298142454
0.07457144298142454
0.07457144298142454
0.07457144298142454
0.07457144298142454
0.07457144298142454
0.07457144298142454
0.07457144298142454
0.07457144298142454
0.07457144298142454
0.07457144298142454
0.07457144298142454
0.07457144298142454
0.07457144298142454
0.07457144298142454
0.07457144298142454
0.07457144298142454
0.07457144298142454
0.07457144298142454
0.07457144298142454
0.0884440086167689
0.07457144298142454
0.07457144298142454
0.07457144298142454
0.07457144298142454
0.07457144298142454
0.07457144298142454
0.07457144298142454
0.07457144298142454
0.07457144298142454
0.07457144298142454
0.07457144298142454
0.07457144298142454
0.07457144298142454
0.07457144298142454
0.07457144298142454
0.07457144298142454
0.07457144298142454
0.07457144298142454
0.07457144298142454
0.07457144298142454
0.07457144298142454
0.07457144298142454
0.07457144298142454
0.07457144298142454
0.07457144298142454
0.07457144298142454
0.07457144298142454
0.07457144298142454
0.07457144298142454
0.07457144298142454
0.07457144298142454
0.07595138778363242
0.07457144298142454
0.07457144298142454
0.07457144298142454
0.07457144298142454
0.07457144298142454
0.07457144298142454
0.07457144298142454
0.07457144298142454
0.07457144298142454
0.07457144298142454
0.07457144298142454
0.07457144298142454
0.07457144298142454
0.07457144298142454
0.07457144298142454
0.07457144298142454
0.07457144298142454
0.07457144298142454
0.07457144298142454
0.07457144298142454
0.07457144298142454
0.07457144298142454
0.07457144298142454
0.07457144298142454
0.07457144298142454
0.07457144298142454
0.07457144298142454
0.07457144298142454
0.07457144298142454
0.07457144298142454
0.07457144298142454
0.07595138778363242
0.07457144298142454
0.07457144298142454
0.07457144298142454
0.07457144298142454
0.07457144298142454
0.07457144298142454
0.07457144298142454
0.07457144298142454
0.07457144298142454
0.07457144298142454
0.07457144298142454
0.07457144298142454
0.07457144298142454
0.07457144298142454
0.07457144298142454
0.07457144298142454
0.07457144298142454
0.07457144298142454
0.07595138778363242
0.07457144298142454
0.07457144298142454
0.07457144298142454
0.07457144298142454
0.07457144298142454
0.07457144298142454
0.07457144298142454
0.07457144298142454
0.07457144298142454
0.07457144298142454
0.07457144298142454
0.07457144298142454
0.07457144298142454
0.07457144298142454
0.07457144298142454
0.07457144298142454
0.07457144298142454
0.07457144298142454
0.07457144298142454
0.07457144298142454
0.07457144298142454
0.07457144298142454
0.07457144298142454
0.07457144298142454
0.07457144298142454
0.07457144298142454
0.07457144298142454
0.07457144298142454
0.07457144298142454
0.07457144298142454
0.07457144298142454
0.07457144298142454
0.07457144298142454
0.07457144298142454
0.07457144298142454
0.07457144298142454
0.07457144298142454
0.07457144298142454
0.07457144298142454
0.07457144298142454
0.07457144298142454
0.07457144298142454
0.07457144298142454
0.07457144298142454
0.07457144298142454
0.07457144298142454
0.07457144298142454
0.07457144298142454
0.07457144298142454
0.10677015503294246
0.07457144298142454
0.07457144298142454
0.07457144298142454
0.07457144298142454
0.07457144298142454
0.07457144298142454
0.07457144298142454
0.07457144298142454
0.07457144298142454
0.07457144298142454
0.07457144298142454
0.07457144298142454
0.07457144298142454
0.07457144298142454
0.07457144298142454
0.07457144298142454
0.07457144298142454
0.07457144298142454
0.07457144298142454
0.07457144298142454
0.07457144298142454
0.07457144298142454
0.07457144298142454
0.07457144298142454
0.07457144298142454
0.07457144298142454
0.07457144298142454
0.07457144298142454
0.07457144298142454
0.07457144298142454
0.07457144298142454
0.07457144298142454
0.07457144298142454
0.07457144298142454
0.10677015503294246
0.07457144298142454
0.07457144298142454
0.07457144298142454
0.07457144298142454
0.07457144298142454
0.07457144298142454
0.07457144298142454
0.07457144298142454
0.07457144298142454
0.07457144298142454
0.07457144298142454
0.07457144298142454
0.07457144298142454
0.07457144298142454
0.07457144298142454
0.07457144298142454
0.08292805296454393
0.07457144298142454
0.07457144298142454
0.07457144298142454
0.07457144298142454
0.07595138778363242
0.07457144298142454
0.07457144298142454
0.07457144298142454
0.0853999074323044
0.07457144298142454
0.07457144298142454
0.07457144298142454
0.07457144298142454
0.07457144298142454
0.07457144298142454
0.07457144298142454
0.07457144298142454
0.07457144298142454
0.07457144298142454
0.07457144298142454
0.07457144298142454
0.07457144298142454
0.07457144298142454
0.07457144298142454
0.07457144298142454
0.07457144298142454
0.07457144298142454
0.07457144298142454
0.07457144298142454
0.07457144298142454
0.07457144298142454
0.07457144298142454
0.07457144298142454
0.07457144298142454
0.07457144298142454
0.07457144298142454
0.07457144298142454
0.07457144298142454
0.07457144298142454
0.07457144298142454
0.07457144298142454
0.07457144298142454
0.07457144298142454
0.07457144298142454
0.07457144298142454
0.07457144298142454
0.07457144298142454
0.07457144298142454
0.07457144298142454
0.07457144298142454
0.07457144298142454
0.13436905107710065
0.07457144298142454
0.07457144298142454
0.07457144298142454
0.07457144298142454
0.0860709829998238
0.07457144298142454
0.07457144298142454
0.07457144298142454
0.07457144298142454
0.07457144298142454
0.07457144298142454
0.07457144298142454
0.07457144298142454
0.07457144298142454
0.07457144298142454
0.07457144298142454
0.07457144298142454
0.07457144298142454
0.07457144298142454
0.07457144298142454
0.07457144298142454
0.121873070529976
0.07457144298142454
0.07457144298142454
0.07457144298142454
0.07457144298142454
0.07457144298142454
0.07457144298142454
0.07457144298142454
0.07457144298142454
0.07457144298142454
0.07457144298142454
0.07457144298142454
0.07457144298142454
