0.3254940777229183
0.3254940777229183
0.8792039101083274
0.5111695818285336
0.9530294134640321
0.5111695818285336
0.27795598479241235
0.21602889489762822
0.21602889489762822
0.243403519444596
0.8926267289002737
0.9060495476922201
0.2666738394816231
0.1926012135301774
0.243403519444596
0.24675922414258258
0.3164788404447163
0.9261837758801394
0.18635856642044557
0.9261837758801394
0.21602889489762822
0.21602889489762822
0.21602889489762822
0.21602889489762822
0.18635856642044557
0.1926012135301774
0.2666738394816231
0.21602889489762822
0.24675922414258258
0.183002861722459
0.24675922414258258
0.21602889489762822
0.24675922414258258
0.18635856642044557
0.8792039101083274
0.3254940777229183
0.21602889489762822
0.18635856642044557
0.24675922414258258
0.183002861722459
0.21602889489762822
0.18635856642044557
0.19931262292615054
0.24675922414258258
0.21602889489762822
0.21602889489762822
0.18635856642044557
0.18635856642044557
0.183002861722459
0.18635856642044557
0.18635856642044557
0.18635856642044557
0.18635856642044557
0.183002861722459
0.21602889489762822
0.21602889489762822
0.183002861722459
0.1926012135301774
0.21602889489762822
0.18635856642044557
0.183002861722459
0.1926012135301774
0.183002861722459
0.183002861722459
0.18635856642044557
0.18635856642044557
0.18635856642044557
0.18635856642044557
0.183002861722459
0.183002861722459
0.18635856642044557
0.18635856642044557
0.18635856642044557
0.18635856642044557
0.21602889489762822
0.18635856642044557
0.18635856642044557
0.183002861722459
0.1926012135301774
0.183002861722459
0.183002861722459
0.183002861722459
0.183002861722459
0.183002861722459
0.18635856642044557
0.183002861722459
0.18635856642044557
0.18635856642044557
0.18635856642044557
0.183002861722459
0.18635856642044557
0.183002861722459
0.183002861722459
0.183002861722459
0.183002861722459
0.183002861722459
0.183002861722459
0.183002861722459
0.18635856642044557
0.18635856642044557
0.183002861722459
0.183002861722459
0.183002861722459
0.183002861722459
0.183002861722459
0.183002861722459
0.183002861722459
0.183002861722459
0.183002861722459
0.183002861722459
0.183002861722459
0.183002861722459
0.183002861722459
0.183002861722459
0.183002861722459
0.183002861722459
0.183002861722459
0.183002861722459
0.183002861722459
0.183002861722459
0.183002861722459
0.183002861722459
0.183002861722459
0.183002861722459
0.183002861722459
0.183002861722459
0.183002861722459
0.183002861722459
0.183002861722459
0.183002861722459
0.183002861722459
0.183002861722459
0.183002861722459
0.183002861722459
0.183002861722459
0.183002861722459
0.183002861722459
0.183002861722459
0.183002861722459
0.183002861722459
0.183002861722459
0.183002861722459
0.183002861722459
0.183002861722459
0.183002861722459
0.183002861722459
0.183002861722459
0.183002861722459
0.183002861722459
0.183002861722459
0.183002861722459
0.183002861722459
0.183002861722459
0.183002861722459
0.183002861722459
0.183002861722459
0.183002861722459
0.183002861722459
0.183002861722459
0.183002861722459
0.183002861722459
0.183002861722459
0.183002861722459
0.183002861722459
0.183002861722459
0.183002861722459
0.183002861722459
0.183002861722459
0.183002861722459
0.183002861722459
0.183002861722459
0.183002861722459
0.183002861722459
0.183002861722459
0.183002861722459
0.183002861722459
0.183002861722459
0.183002861722459
0.183002861722459
0.183002861722459
0.183002861722459
0.183002861722459
0.183002861722459
0.183002861722459
0.183002861722459
0.183002861722459
0.183002861722459
0.183002861722459
0.183002861722459
0.183002861722459
0.183002861722459
0.183002861722459
0.183002861722459
0.183002861722459
0.183002861722459
0.183002861722459
0.183002861722459
0.183002861722459
0.183002861722459
0.183002861722459
0.183002861722459
0.183002861722459
0.183002861722459
0.183002861722459
0.183002861722459
0.183002861722459
0.183002861722459
0.183002861722459
0.183002861722459
0.183002861722459
0.183002861722459
0.183002861722459
0.183002861722459
0.2064907677667414
0.183002861722459
0.183002861722459
0.183002861722459
0.183002861722459
0.183002861722459
0.183002861722459
0.183002861722459
0.20969527196187973
0.183002861722459
0.183002861722459
0.183002861722459
0.183002861722459
0.183002861722459
0.183002861722459
0.183002861722459
0.183002861722459
0.183002861722459
0.183002861722459
0.183002861722459
0.183002861722459
0.183002861722459
0.183002861722459
0.183002861722459
0.183002861722459
0.183002861722459
0.183002861722459
0.183002861722459
0.183002861722459
0.183002861722459
0.183002861722459
0.183002861722459
0.183002861722459
0.183002861722459
0.183002861722459
0.183002861722459
0.183002861722459
0.183002861722459
0.183002861722459
0.183002861722459
0.183002861722459
0.183002861722459
0.183002861722459
0.183002861722459
0.183002861722459
0.183002861722459
0.183002861722459
0.243403519444596
0.183002861722459
0.183002861722459
0.183002861722459
0.183002861722459
0.183002861722459
0.183002861722459
0.183002861722459
0.243403519444596
0.183002861722459
0.183002861722459
0.183002861722459
0.183002861722459
0.183002861722459
0.183002861722459
0.183002861722459
0.183002861722459
0.183002861722459
0.183002861722459
0.183002861722459
0.183002861722459
0.183002861722459
0.183002861722459
0.183002861722459
0.183002861722459
0.183002861722459
0.183002861722459
0.183002861722459
0.183002861722459
0.183002861722459
0.183002861722459
0.183002861722459
0.183002861722459
0.183002861722459
0.183002861722459
0.183002861722459
0.183002861722459
0.183002861722459
0.183002861722459
0.183002861722459
0.183002861722459
0.183002861722459
0.183002861722459
0.183002861722459
0.183002861722459
0.183002861722459
0.183002861722459
0.183002861722459
0.183002861722459
0.183002861722459
0.183002861722459
0.183002861722459
0.183002861722459
0.183002861722459
0.183002861722459
0.183002861722459
0.183002861722459
0.183002861722459
0.183002861722459
0.183002861722459
0.183002861722459
0.183002861722459
0.183002861722459
0.183002861722459
0.183002861722459
0.183002861722459
0.183002861722459
0.183002861722459
0.183002861722459
0.183002861722459
0.183002861722459
0.183002861722459
0.183002861722459
0.183002861722459
0.183002861722459
0.183002861722459
0.183002861722459
0.183002861722459
0.183002861722459
0.183002861722459
0.183002861722459
0.183002861722459
0.183002861722459
0.183002861722459
0.183002861722459
0.183002861722459
0.183002861722459
0.183002861722459
0.183002861722459
0.183002861722459
0.183002861722459
0.183002861722459
0.183002861722459
0.183002861722459
0.183002861722459
0.183002861722459
0.183002861722459
0.183002861722459
0.183002861722459
0.183002861722459
0.183002861722459
0.183002861722459
0.183002861722459
0.183002861722459
0.183002861722459
0.183002861722459
0.183002861722459
0.183002861722459
0.183002861722459
0.183002861722459
0.183002861722459
0.183002861722459
0.183002861722459
0.183002861722459
0.183002861722459
0.183002861722459
0.183002861722459
0.183002861722459
0.183002861722459
0.183002861722459
0.183002861722459
0.183002861722459
0.183002861722459
0.183002861722459
0.183002861722459
0.17582269004024453
0.18635856642044557
0.183002861722459
0.183002861722459
0.183002861722459
0.183002861722459
0.183002861722459
0.183002861722459
0.183002861722459
0.183002861722459
0.8926267289002737
0.183002861722459
0.183002861722459
0.183002861722459
0.183002861722459
0.183002861722459
0.183002861722459
0.183002861722459
0.183002861722459
0.183002861722459
0.183002861722459
0.183002861722459
0.183002861722459
0.183002861722459
0.17582269004024453
0.17582269004024453
0.183002861722459
0.183002861722459
0.183002861722459
0.183002861722459
0.183002861722459
0.183002861722459
0.183002861722459
0.183002861722459
0.183002861722459
0.17582269004024453
0.183002861722459
0.183002861722459
0.183002861722459
0.183002861722459
0.17582269004024453
0.183002861722459
0.183002861722459
0.183002861722459
0.183002861722459
0.183002861722459
0.183002861722459
0.183002861722459
0.183002861722459
0.183002861722459
0.183002861722459
0.183002861722459
0.183002861722459
0.17582269004024453
0.17582269004024453
0.17582269004024453
0.17582269004024453
0.183002861722459
0.183002861722459
0.17582269004024453
0.17582269004024453
0.17582269004024453
0.183002861722459
0.183002861722459
0.17582269004024453
0.183002861722459
0.183002861722459
0.17582269004024453
0.17582269004024453
0.183002861722459
0.183002861722459
0.183002861722459
0.183002861722459
0.17582269004024453
0.17582269004024453
0.243403519444596
0.17582269004024453
0.17582269004024453
0.17582269004024453
0.17582269004024453
0.17582269004024453
0.17582269004024453
0.17582269004024453
0.17582269004024453
0.17582269004024453
0.17582269004024453
0.17582269004024453
0.17582269004024453
0.17582269004024453
0.17582269004024453
0.17582269004024453
0.183002861722459
0.17582269004024453
0.17582269004024453
0.183002861722459
0.17582269004024453
0.17582269004024453
0.17582269004024453
0.17582269004024453
0.17582269004024453
0.17582269004024453
0.17582269004024453
0.17582269004024453
0.17582269004024453
0.17582269004024453
0.17582269004024453
0.17582269004024453
0.17582269004024453
0.17582269004024453
0.17582269004024453
0.17582269004024453
0.17582269004024453
0.17582269004024453
0.17582269004024453
0.17582269004024453
0.17582269004024453
0.17582269004024453
0.17582269004024453
0.27795598479241235
0.17582269004024453
0.17582269004024453
0.17582269004024453
0.17582269004024453
0.17582269004024453
0.17582269004024453
0.19642365367278164
0.17582269004024453
0.17582269004024453
0.17582269004024453
0.17582269004024453
0.17582269004024453
0.17582269004024453
0.17582269004024453
0.17582269004024453
0.17582269004024453
0.17582269004024453
0.17582269004024453
0.17582269004024453
0.17582269004024453
0.17582269004024453
0.17582269004024453
0.5284032193861756
0.17582269004024453
0.17582269004024453
0.17582269004024453
0.17582269004024453
0.17582269004024453
0.17582269004024453
0.17582269004024453
0.17582269004024453
0.17582269004024453
0.17582269004024453
0.17582269004024453
0.17582269004024453
0.17582269004024453
0.17582269004024453
0.17582269004024453
0.17582269004024453
0.17582269004024453
0.17582269004024453
0.17582269004024453
0.17582269004024453
0.17582269004024453
0.243403519444596
0.17582269004024453
0.17582269004024453
0.17582269004024453
0.17582269004024453
0.17582269004024453
0.17582269004024453
0.17582269004024453
0.17582269004024453
0.17582269004024453
0.17582269004024453
0.17582269004024453
0.17582269004024453
0.17582269004024453
0.17582269004024453
0.17582269004024453
0.17582269004024453
0.17582269004024453
0.17582269004024453
0.17582269004024453
0.17582269004024453
0.17582269004024453
0.17582269004024453
0.17582269004024453
0.17582269004024453
0.17582269004024453
0.17582269004024453
0.17582269004024453
0.17582269004024453
0.17582269004024453
0.17582269004024453
0.17582269004024453
0.17582269004024453
0.17582269004024453
0.17582269004024453
0.17582269004024453
0.17582269004024453
0.17582269004024453
0.17582269004024453
0.17582269004024453
0.17582269004024453
0.17582269004024453
0.17582269004024453
0.17582269004024453
0.17582269004024453
0.17582269004024453
0.17582269004024453
0.17582269004024453
0.17582269004024453
0.17582269004024453
0.17582269004024453
0.17582269004024453
0.17582269004024453
0.17582269004024453
0.17582269004024453
0.17582269004024453
0.17582269004024453
0.17582269004024453
0.17582269004024453
0.17582269004024453
0.17582269004024453
0.17582269004024453
0.17582269004024453
0.17582269004024453
0.17582269004024453
0.17582269004024453
0.17582269004024453
0.17582269004024453
0.17582269004024453
0.17582269004024453
0.17582269004024453
0.17582269004024453
0.17582269004024453
0.17582269004024453
0.17582269004024453
0.17582269004024453
0.17582269004024453
0.17582269004024453
0.17582269004024453
0.17582269004024453
0.17582269004024453
0.17582269004024453
0.17582269004024453
0.17582269004024453
0.17582269004024453
0.17582269004024453
0.17582269004024453
0.17582269004024453
0.17582269004024453
0.17582269004024453
0.17582269004024453
0.17582269004024453
0.17582269004024453
0.17582269004024453
0.17582269004024453
0.17582269004024453
0.17582269004024453
0.17582269004024453
0.17582269004024453
0.17582269004024453
0.17582269004024453
0.17582269004024453
0.17582269004024453
0.17582269004024453
0.17582269004024453
0.17582269004024453
0.17582269004024453
0.17582269004024453
0.17582269004024453
0.17582269004024453
0.17582269004024453
0.17582269004024453
0.17582269004024453
0.17582269004024453
0.17582269004024453
0.17582269004024453
0.17582269004024453
0.17582269004024453
0.17582269004024453
0.17582269004024453
0.17582269004024453
0.17582269004024453
0.17582269004024453
0.17582269004024453
0.17582269004024453
0.17582269004024453
0.17582269004024453
0.17582269004024453
0.17582269004024453
0.17582269004024453
0.17582269004024453
0.17582269004024453
0.17582269004024453
0.17582269004024453
0.17582269004024453
0.17582269004024453
0.17582269004024453
0.17582269004024453
0.17582269004024453
0.17582269004024453
0.17582269004024453
0.17582269004024453
0.17582269004024453
0.17582269004024453
0.17582269004024453
0.17582269004024453
0.17582269004024453
0.17582269004024453
0.17582269004024453
0.17582269004024453
0.17582269004024453
0.17582269004024453
0.17582269004024453
0.17582269004024453
0.17582269004024453
0.17582269004024453
0.27795598479241235
0.17582269004024453
0.17582269004024453
0.17582269004024453
0.17582269004024453
0.17582269004024453
0.17582269004024453
0.17582269004024453
0.17582269004024453
0.17582269004024453
0.17582269004024453
0.17582269004024453
0.17582269004024453
0.17582269004024453
0.17582269004024453
0.17582269004024453
0.17582269004024453
0.17582269004024453
0.17582269004024453
0.17582269004024453
0.17582269004024453
0.17582269004024453
0.17582269004024453
0.17582269004024453
0.17582269004024453
0.17582269004024453
0.17582269004024453
0.17582269004024453
0.17582269004024453
0.17582269004024453
0.17582269004024453
0.17582269004024453
0.17582269004024453
0.17582269004024453
0.17582269004024453
0.17582269004024453
0.17582269004024453
0.17582269004024453
0.17582269004024453
0.17582269004024453
0.17582269004024453
0.17582269004024453
0.17582269004024453
0.17582269004024453
0.17582269004024453
0.17582269004024453
0.17582269004024453
0.17582269004024453
0.17582269004024453
0.17582269004024453
0.17582269004024453
0.17582269004024453
0.17582269004024453
0.17582269004024453
0.17582269004024453
0.17582269004024453
0.17582269004024453
0.17582269004024453
0.17582269004024453
0.17582269004024453
0.17582269004024453
0.17582269004024453
0.17582269004024453
0.17582269004024453
0.17582269004024453
0.17582269004024453
0.17582269004024453
0.17582269004024453
0.17582269004024453
0.17582269004024453
0.17582269004024453
0.17582269004024453
0.17582269004024453
0.17582269004024453
0.17582269004024453
0.17582269004024453
0.17582269004024453
0.17582269004024453
0.17582269004024453
0.17582269004024453
0.17582269004024453
0.17582269004024453
0.17582269004024453
0.17582269004024453
0.17582269004024453
0.17582269004024453
0.17582269004024453
0.17582269004024453
0.243403519444596
0.17582269004024453
0.17582269004024453
0.17582269004024453
0.17582269004024453
0.17582269004024453
0.17582269004024453
0.17582269004024453
0.17582269004024453
0.17582269004024453
0.17582269004024453
0.17582269004024453
0.17582269004024453
0.17582269004024453
0.17582269004024453
0.17582269004024453
0.17582269004024453
0.17582269004024453
0.17582269004024453
0.17582269004024453
0.17582269004024453
0.17582269004024453
0.17582269004024453
0.17582269004024453
0.17582269004024453
0.17582269004024453
0.17582269004024453
0.17582269004024453
