0.30887625307221106
0.20968244898223468
0.30887625307221106
0.4305604527465831
0.30785755243572593
0.17902040737459457
0.25814274780012647
0.1498420234503198
0.1652044258549601
0.12383423716182856
0.12383423716182856
0.07262300743224932
0.13539271060919156
0.1314033489070639
0.5007882067136222
0.5478458183408323
0.09157772578985496
0.20968244898223468
0.2841505340886177
0.06779171811352691
0.1667107045132592
0.2030335128120219
0.16055017053581117
0.19523313614110643
0.1632097450038963
0.2841505340886177
0.20649555423087365
0.33458476371435064
0.3487528405536672
0.15740219387496135
0.11530377192420788
0.21882525739458902
0.14319308728010702
0.14119840642904322
0.4361420737548409
0.24117878961964218
0.23440816796582808
0.1498420234503198
0.08911457831227067
0.2636215993540482
0.1667107045132592
0.07262300743224932
0.16991348711476423
0.09157772578985496
0.10229116515992819
0.1498420234503198
0.11708723893781932
0.12383423716182856
0.1652044258549601
0.25814274780012647
0.24117878961964218
0.24117878961964218
0.08911457831227067
0.21882525739458902
0.036631994396896544
0.1549954701605465
0.21882525739458902
0.23440816796582808
0.1549954701605465
0.08822975857363816
0.09157772578985496
0.2841505340886177
0.20649555423087365
0.12383423716182856
0.13427628487048063
0.14319308728010702
0.14319308728010702
0.10916899047025631
0.14319308728010702
0.11519062014055195
0.16991348711476423
0.07980606767397275
0.08911457831227067
0.11530377192420788
0.07262300743224932
0.1314033489070639
0.11530377192420788
0.1498420234503198
0.14319308728010702
0.11530377192420788
0.08822975857363816
0.07262300743224932
0.036631994396896544
0.07262300743224932
0.09157772578985496
0.10916899047025631
0.11708723893781932
0.13427628487048063
0.12383423716182856
0.14319308728010702
0.14053351281202187
0.15300078930948263
0.036631994396896544
0.036631994396896544
0.08911457831227067
0.14319308728010702
0.11530377192420788
0.10229116515992819
0.07045996991857073
0.1549954701605465
0.07980606767397275
0.09157772578985496
0.07262300743224932
0.08911457831227067
0.036631994396896544
0.09157772578985496
0.036631994396896544
0.07262300743224932
0.07262300743224932
0.08911457831227067
0.13427628487048063
0.08911457831227067
0.07980606767397275
0.14319308728010702
0.09157772578985496
0.07045996991857073
0.19264266963072374
0.08246564214205789
0.07980606767397275
0.07262300743224932
0.08911457831227067
0.036631994396896544
0.062359961021547415
0.04527561141817314
0.07557534963232937
0.07698762059601551
0.07557534963232937
0.07698762059601551
0.036631994396896544
0.07045996991857073
0.07045996991857073
0.036631994396896544
0.09556708749198262
0.07448691873780257
0.036631994396896544
0.051259653971364644
0.036631994396896544
0.036631994396896544
0.036631994396896544
0.09157772578985496
0.11187014400298109
0.07262300743224932
0.036631994396896544
0.08822975857363816
0.07980606767397275
0.036631994396896544
0.07262300743224932
0.07262300743224932
0.08822975857363816
0.13427628487048063
0.07262300743224932
0.07262300743224932
0.036631994396896544
0.036631994396896544
0.07045996991857073
0.07262300743224932
0.14053351281202187
0.036631994396896544
0.08246564214205789
0.07262300743224932
0.036631994396896544
0.07045996991857073
0.07262300743224932
0.036631994396896544
0.036631994396896544
0.062359961021547415
0.036631994396896544
0.036631994396896544
0.036631994396896544
0.08822975857363816
0.04328093056710934
0.06780039545048565
0.036631994396896544
0.1009003244141466
0.036631994396896544
0.036631994396896544
0.036631994396896544
0.07927194360246205
0.062359961021547415
0.036631994396896544
0.08822975857363816
0.036631994396896544
0.11585950570510875
0.036631994396896544
0.036631994396896544
0.036631994396896544
0.036631994396896544
0.036631994396896544
0.036631994396896544
0.036631994396896544
0.04527561141817314
0.036631994396896544
0.04261603695008806
0.06900889719176022
0.036631994396896544
0.036631994396896544
0.036631994396896544
0.036631994396896544
0.036631994396896544
0.036631994396896544
0.036631994396896544
0.036631994396896544
0.036631994396896544
0.036631994396896544
0.036631994396896544
0.036631994396896544
0.036631994396896544
0.036631994396896544
0.036631994396896544
0.036631994396896544
0.036631994396896544
0.036631994396896544
0.036631994396896544
0.036631994396896544
0.036631994396896544
0.036631994396896544
0.036631994396896544
0.04527561141817314
0.036631994396896544
0.036631994396896544
0.051924547588385925
0.036631994396896544
0.036631994396896544
0.036631994396896544
0.036631994396896544
0.08958304493879116
0.036631994396896544
0.036631994396896544
0.036631994396896544
0.036631994396896544
0.036631994396896544
0.036631994396896544
0.036631994396896544
0.036631994396896544
0.036631994396896544
0.036631994396896544
0.062359961021547415
0.036631994396896544
0.036631994396896544
0.036631994396896544
