0.7823678602521433
0.7823678602521433
0.7823678602521433
0.829522822089771
0.9197304976147807
0.829522822089771
0.6427096352765842
0.6811711737381225
0.7141382067051556
0.8076910420599822
0.7329173108015938
0.8208293987136818
0.8130393056062545
0.6207496116031077
0.8076910420599822
0.7957475689671463
0.730621723188672
0.8812689591532422
0.6428568420357628
0.8812689591532422
0.6811711737381225
0.7141382067051556
0.7141382067051556
0.6811711737381225
0.6207496116031077
0.6207496116031077
0.8130393056062545
0.7141382067051556
0.7087715022587633
0.6944557723400555
0.7957475689671463
0.6811711737381225
0.6427096352765842
0.6428568420357628
0.8208293987136818
0.6944557723400555
0.7141382067051556
0.6428568420357628
0.8076910420599822
0.6207496116031077
0.6427096352765842
0.6207496116031077
0.6207496116031077
0.7087715022587633
0.6944557723400555
0.6811711737381225
0.6428568420357628
0.6207496116031077
0.6428568420357628
0.6428568420357628
0.6207496116031077
0.6428568420357628
0.6428568420357628
0.6207496116031077
0.6944557723400555
0.6811711737381225
0.6207496116031077
0.6207496116031077
0.7141382067051556
0.6428568420357628
0.6207496116031077
0.6207496116031077
0.6207496116031077
0.6427096352765842
0.6207496116031077
0.6207496116031077
0.6207496116031077
0.6207496116031077
0.6428568420357628
0.6207496116031077
0.6207496116031077
0.6428568420357628
0.6207496116031077
0.6207496116031077
0.6427096352765842
0.6428568420357628
0.6207496116031077
0.6207496116031077
0.6207496116031077
0.6207496116031077
0.6207496116031077
0.6207496116031077
0.6207496116031077
0.6207496116031077
0.6207496116031077
0.6207496116031077
0.6207496116031077
0.6207496116031077
0.6207496116031077
0.6207496116031077
0.6207496116031077
0.6207496116031077
0.6207496116031077
0.6207496116031077
0.6207496116031077
0.6207496116031077
0.6207496116031077
0.6207496116031077
0.6207496116031077
0.6207496116031077
0.6207496116031077
0.6207496116031077
0.6207496116031077
0.6207496116031077
0.6207496116031077
0.6207496116031077
0.6207496116031077
0.6207496116031077
0.6207496116031077
0.6207496116031077
0.6207496116031077
0.6207496116031077
0.6207496116031077
0.6207496116031077
0.6207496116031077
0.6207496116031077
0.6207496116031077
0.6207496116031077
0.6207496116031077
0.6207496116031077
0.6207496116031077
0.6207496116031077
0.6207496116031077
0.6207496116031077
0.6207496116031077
0.6207496116031077
0.6207496116031077
0.6207496116031077
0.6207496116031077
0.6207496116031077
0.6207496116031077
0.6207496116031077
0.6207496116031077
0.6207496116031077
0.6207496116031077
0.6207496116031077
0.6207496116031077
0.6207496116031077
0.6207496116031077
0.6207496116031077
0.6207496116031077
0.6207496116031077
0.6207496116031077
0.6207496116031077
0.6207496116031077
0.6207496116031077
0.6207496116031077
0.6207496116031077
0.6207496116031077
0.6207496116031077
0.6207496116031077
0.6207496116031077
0.6207496116031077
0.6207496116031077
0.6207496116031077
0.6207496116031077
0.6207496116031077
0.6207496116031077
0.6207496116031077
0.6207496116031077
0.6207496116031077
0.6207496116031077
0.6207496116031077
0.6207496116031077
0.6207496116031077
0.6207496116031077
0.6207496116031077
0.6207496116031077
0.6207496116031077
0.6207496116031077
0.6207496116031077
0.6207496116031077
0.6207496116031077
0.6207496116031077
0.6207496116031077
0.6207496116031077
0.6207496116031077
0.6207496116031077
0.6207496116031077
0.6207496116031077
0.6207496116031077
0.6207496116031077
0.6207496116031077
0.6207496116031077
0.6207496116031077
0.6207496116031077
0.6207496116031077
0.6207496116031077
0.6207496116031077
0.6207496116031077
0.6207496116031077
0.6207496116031077
0.6207496116031077
0.6207496116031077
0.6207496116031077
0.6207496116031077
0.6207496116031077
0.6207496116031077
0.6207496116031077
0.6207496116031077
0.6207496116031077
0.6207496116031077
0.6207496116031077
0.6207496116031077
0.6207496116031077
0.6207496116031077
0.6207496116031077
0.6207496116031077
0.6207496116031077
0.6207496116031077
0.6207496116031077
0.6207496116031077
0.6207496116031077
0.7087715022587633
0.6207496116031077
0.6207496116031077
0.6207496116031077
0.6207496116031077
0.6207496116031077
0.6207496116031077
0.6207496116031077
0.6538458566189078
0.6207496116031077
0.6207496116031077
0.6207496116031077
0.6207496116031077
0.6207496116031077
0.6207496116031077
0.6207496116031077
0.6207496116031077
0.6207496116031077
0.6207496116031077
0.6207496116031077
0.6207496116031077
0.6207496116031077
0.6207496116031077
0.6207496116031077
0.6207496116031077
0.6207496116031077
0.6207496116031077
0.6207496116031077
0.6207496116031077
0.6207496116031077
0.6207496116031077
0.6207496116031077
0.6207496116031077
0.6207496116031077
0.6207496116031077
0.6207496116031077
0.6207496116031077
0.6207496116031077
0.6207496116031077
0.6207496116031077
0.6207496116031077
0.6207496116031077
0.6207496116031077
0.6207496116031077
0.6207496116031077
0.6207496116031077
0.6207496116031077
0.8076910420599822
0.6207496116031077
0.6207496116031077
0.6207496116031077
0.6207496116031077
0.6207496116031077
0.6207496116031077
0.6207496116031077
0.8076910420599822
0.6207496116031077
0.6207496116031077
0.6207496116031077
0.6207496116031077
0.6207496116031077
0.6207496116031077
0.6207496116031077
0.6207496116031077
0.6207496116031077
0.6207496116031077
0.6207496116031077
0.6207496116031077
0.6207496116031077
0.6207496116031077
0.6207496116031077
0.6207496116031077
0.6207496116031077
0.6207496116031077
0.6207496116031077
0.6207496116031077
0.6207496116031077
0.6207496116031077
0.6207496116031077
0.6207496116031077
0.6207496116031077
0.6207496116031077
0.6207496116031077
0.6207496116031077
0.6207496116031077
0.6207496116031077
0.6207496116031077
0.6207496116031077
0.6207496116031077
0.6207496116031077
0.6207496116031077
0.6207496116031077
0.6207496116031077
0.6207496116031077
0.6207496116031077
0.6207496116031077
0.6207496116031077
0.6207496116031077
0.6207496116031077
0.6207496116031077
0.6207496116031077
0.6207496116031077
0.6207496116031077
0.6207496116031077
0.6207496116031077
0.6207496116031077
0.6207496116031077
0.6207496116031077
0.6207496116031077
0.6207496116031077
0.6207496116031077
0.6207496116031077
0.6207496116031077
0.6207496116031077
0.6207496116031077
0.6207496116031077
0.6207496116031077
0.6207496116031077
0.6207496116031077
0.6207496116031077
0.6207496116031077
0.6207496116031077
0.6207496116031077
0.6207496116031077
0.6207496116031077
0.6207496116031077
0.6207496116031077
0.6207496116031077
0.6207496116031077
0.6207496116031077
0.6207496116031077
0.6207496116031077
0.6207496116031077
0.6207496116031077
0.6207496116031077
0.6207496116031077
0.6207496116031077
0.6207496116031077
0.6207496116031077
0.6207496116031077
0.6207496116031077
0.6207496116031077
0.6207496116031077
0.6207496116031077
0.6207496116031077
0.6207496116031077
0.6207496116031077
0.6207496116031077
0.6207496116031077
0.6207496116031077
0.6207496116031077
0.6207496116031077
0.6207496116031077
0.6207496116031077
0.6207496116031077
0.6207496116031077
0.6207496116031077
0.6207496116031077
0.6207496116031077
0.6207496116031077
0.6207496116031077
0.6207496116031077
0.6207496116031077
0.6207496116031077
0.6207496116031077
0.6207496116031077
0.6207496116031077
0.6207496116031077
0.6207496116031077
0.6207496116031077
0.6207496116031077
0.6207496116031077
0.6207496116031077
0.6207496116031077
0.6207496116031077
0.6207496116031077
0.6207496116031077
0.6207496116031077
0.6207496116031077
0.6207496116031077
0.6207496116031077
0.6207496116031077
0.7329173108015938
0.6207496116031077
0.6207496116031077
0.6207496116031077
0.6207496116031077
0.6207496116031077
0.6207496116031077
0.6207496116031077
0.6207496116031077
0.6207496116031077
0.6207496116031077
0.6207496116031077
0.6207496116031077
0.6207496116031077
0.6207496116031077
0.6207496116031077
0.6207496116031077
0.6207496116031077
0.6207496116031077
0.6207496116031077
0.6207496116031077
0.6207496116031077
0.6207496116031077
0.6207496116031077
0.6207496116031077
0.6207496116031077
0.6207496116031077
0.6207496116031077
0.6207496116031077
0.6207496116031077
0.6207496116031077
0.6207496116031077
0.6207496116031077
0.6207496116031077
0.6207496116031077
0.6207496116031077
0.6207496116031077
0.6207496116031077
0.6207496116031077
0.6207496116031077
0.6207496116031077
0.6207496116031077
0.6207496116031077
0.6207496116031077
0.6207496116031077
0.6207496116031077
0.6207496116031077
0.6207496116031077
0.6207496116031077
0.6207496116031077
0.6207496116031077
0.6207496116031077
0.6207496116031077
0.6207496116031077
0.6207496116031077
0.6207496116031077
0.6207496116031077
0.6207496116031077
0.6207496116031077
0.6207496116031077
0.6207496116031077
0.6207496116031077
0.6207496116031077
0.6207496116031077
0.6207496116031077
0.8076910420599822
0.6207496116031077
0.6207496116031077
0.6207496116031077
0.6207496116031077
0.6207496116031077
0.6207496116031077
0.6207496116031077
0.6207496116031077
0.6207496116031077
0.6207496116031077
0.6207496116031077
0.6207496116031077
0.6207496116031077
0.6207496116031077
0.6207496116031077
0.6207496116031077
0.6207496116031077
0.6207496116031077
0.6207496116031077
0.6207496116031077
0.6207496116031077
0.6207496116031077
0.6207496116031077
0.6207496116031077
0.6207496116031077
0.6207496116031077
0.6207496116031077
0.6207496116031077
0.6207496116031077
0.6207496116031077
0.6207496116031077
0.6207496116031077
0.6207496116031077
0.6207496116031077
0.6207496116031077
0.6207496116031077
0.6207496116031077
0.6207496116031077
0.6207496116031077
0.6207496116031077
0.6207496116031077
0.6207496116031077
0.6427096352765842
0.6207496116031077
0.6207496116031077
0.6207496116031077
0.6207496116031077
0.6207496116031077
0.6207496116031077
0.7087715022587633
0.6207496116031077
0.6207496116031077
0.6207496116031077
0.6207496116031077
0.6207496116031077
0.6207496116031077
0.6207496116031077
0.6207496116031077
0.6207496116031077
0.6207496116031077
0.6207496116031077
0.6207496116031077
0.6207496116031077
0.6207496116031077
0.6207496116031077
0.6427096352765842
0.6207496116031077
0.6207496116031077
0.6207496116031077
0.6207496116031077
0.6207496116031077
0.6207496116031077
0.6207496116031077
0.6207496116031077
0.6207496116031077
0.6207496116031077
0.6207496116031077
0.6207496116031077
0.6207496116031077
0.6207496116031077
0.6207496116031077
0.6207496116031077
0.6207496116031077
0.6207496116031077
0.6207496116031077
0.6207496116031077
0.6207496116031077
0.8076910420599822
0.6207496116031077
0.6207496116031077
0.6207496116031077
0.6207496116031077
0.6207496116031077
0.6207496116031077
0.6207496116031077
0.6207496116031077
0.6207496116031077
0.6207496116031077
0.6207496116031077
0.6207496116031077
0.6207496116031077
0.6207496116031077
0.6207496116031077
0.6207496116031077
0.6207496116031077
0.6207496116031077
0.6207496116031077
0.6207496116031077
0.6207496116031077
0.6207496116031077
0.6207496116031077
0.6207496116031077
0.6207496116031077
0.6207496116031077
0.6207496116031077
0.6207496116031077
0.6207496116031077
0.6207496116031077
0.6207496116031077
0.6207496116031077
0.6207496116031077
0.6207496116031077
0.6207496116031077
0.6207496116031077
0.6207496116031077
0.6207496116031077
0.6207496116031077
0.6207496116031077
0.6207496116031077
0.6207496116031077
0.6207496116031077
0.6207496116031077
0.6207496116031077
0.6207496116031077
0.6207496116031077
0.6207496116031077
0.6207496116031077
0.6207496116031077
0.6207496116031077
0.6207496116031077
0.6207496116031077
0.6207496116031077
0.6207496116031077
0.6207496116031077
0.6207496116031077
0.6207496116031077
0.6207496116031077
0.6207496116031077
0.6207496116031077
0.6207496116031077
0.6207496116031077
0.6207496116031077
0.6207496116031077
0.6207496116031077
0.6207496116031077
0.6207496116031077
0.6207496116031077
0.6207496116031077
0.6207496116031077
0.6207496116031077
0.6207496116031077
0.6207496116031077
0.6207496116031077
0.6207496116031077
0.6207496116031077
0.6207496116031077
0.6207496116031077
0.6207496116031077
0.6207496116031077
0.6207496116031077
0.6207496116031077
0.6207496116031077
0.6207496116031077
0.6207496116031077
0.6207496116031077
0.6207496116031077
0.6207496116031077
0.6207496116031077
0.6207496116031077
0.6207496116031077
0.6207496116031077
0.6207496116031077
0.6207496116031077
0.6207496116031077
0.5877825786360747
0.6207496116031077
0.6207496116031077
0.6207496116031077
0.6207496116031077
0.6207496116031077
0.6207496116031077
0.6207496116031077
0.6207496116031077
0.6207496116031077
0.6207496116031077
0.6207496116031077
0.6207496116031077
0.6207496116031077
0.6207496116031077
0.6207496116031077
0.5877825786360747
0.5877825786360747
0.6207496116031077
0.6207496116031077
0.5877825786360747
0.6207496116031077
0.6207496116031077
0.5877825786360747
0.6207496116031077
0.6207496116031077
0.5877825786360747
0.6207496116031077
0.6207496116031077
0.6207496116031077
0.6207496116031077
0.6207496116031077
0.6207496116031077
0.6207496116031077
0.6207496116031077
0.6207496116031077
0.6207496116031077
0.6207496116031077
0.6207496116031077
0.6207496116031077
0.6207496116031077
0.5877825786360747
0.5877825786360747
0.6207496116031077
0.5877825786360747
0.5877825786360747
0.5877825786360747
0.5877825786360747
0.5877825786360747
0.5877825786360747
0.5877825786360747
0.6207496116031077
0.6207496116031077
0.5877825786360747
0.6207496116031077
0.5877825786360747
0.5877825786360747
0.6207496116031077
0.5877825786360747
0.6097426023095511
0.6207496116031077
0.5877825786360747
0.5877825786360747
0.5877825786360747
0.5877825786360747
0.5877825786360747
0.5877825786360747
0.5877825786360747
0.5877825786360747
0.5877825786360747
0.5877825786360747
0.5877825786360747
0.5877825786360747
0.5877825786360747
0.5877825786360747
0.5877825786360747
0.5877825786360747
0.5877825786360747
0.5877825786360747
0.5877825786360747
0.5877825786360747
0.5877825786360747
0.5877825786360747
0.5877825786360747
0.5877825786360747
0.5877825786360747
0.5877825786360747
0.5877825786360747
0.5877825786360747
0.5877825786360747
0.5877825786360747
0.5877825786360747
0.5877825786360747
0.5877825786360747
0.5877825786360747
0.5877825786360747
0.5877825786360747
0.5877825786360747
0.5877825786360747
0.5877825786360747
0.5877825786360747
0.5877825786360747
0.5877825786360747
0.5877825786360747
0.5877825786360747
0.5877825786360747
0.5877825786360747
0.5877825786360747
0.5877825786360747
0.5877825786360747
0.5877825786360747
0.5877825786360747
0.5877825786360747
0.5877825786360747
0.5877825786360747
0.5877825786360747
0.5877825786360747
0.6207496116031077
0.5877825786360747
0.5877825786360747
0.5877825786360747
0.5877825786360747
0.5877825786360747
0.5877825786360747
0.5877825786360747
0.5877825786360747
0.5877825786360747
0.5877825786360747
0.5877825786360747
0.5877825786360747
0.5877825786360747
0.5877825786360747
0.5877825786360747
0.5877825786360747
0.5877825786360747
0.5877825786360747
0.5877825786360747
0.5877825786360747
0.5877825786360747
0.5877825786360747
0.5877825786360747
0.5877825786360747
0.5877825786360747
0.5877825786360747
0.5877825786360747
0.5877825786360747
0.5877825786360747
0.7746259734406582
0.5877825786360747
0.5877825786360747
0.5877825786360747
0.5877825786360747
0.5877825786360747
0.5877825786360747
0.5877825786360747
0.5877825786360747
0.5877825786360747
0.5877825786360747
0.5877825786360747
0.5877825786360747
0.5877825786360747
0.5877825786360747
0.5877825786360747
0.5877825786360747
0.5877825786360747
0.5877825786360747
0.5877825786360747
0.5877825786360747
0.5877825786360747
0.5877825786360747
0.5877825786360747
0.5877825786360747
0.5877825786360747
0.5877825786360747
0.5877825786360747
