0.245612196368305
0.2503380942889099
0.5417683345955939
0.7571298472451896
0.2659596929438103
0.5417683345955939
0.6910502932934495
0.4730391775266236
0.26852555092394126
0.29120986094284484
0.245612196368305
0.5417683345955939
0.2243717912424871
0.6666659218896263
0.29971647520219347
0.21914716889419958
0.5417683345955939
0.2503380942889099
0.245612196368305
0.245612196368305
0.21442127097359467
0.2503380942889099
0.245612196368305
0.29971647520219347
0.2243717912424871
0.21914716889419958
0.21914716889419958
0.2503380942889099
0.21914716889419958
0.2243717912424871
0.21442127097359467
0.2243717912424871
0.21442127097359467
0.21914716889419958
0.21914716889419958
0.21914716889419958
0.21914716889419958
0.21914716889419958
0.23332486265601435
0.2243717912424871
0.21914716889419958
0.21442127097359467
0.21914716889419958
0.21442127097359467
0.21914716889419958
0.2243717912424871
0.21442127097359467
0.21442127097359467
0.21914716889419958
0.21442127097359467
0.21442127097359467
0.21914716889419958
0.21442127097359467
0.2243717912424871
0.21914716889419958
0.21442127097359467
0.21442127097359467
0.21442127097359467
0.21442127097359467
0.21442127097359467
0.21442127097359467
0.21442127097359467
0.21442127097359467
0.21442127097359467
0.21442127097359467
0.21442127097359467
0.21442127097359467
0.21442127097359467
0.21442127097359467
0.21442127097359467
0.21442127097359467
0.21442127097359467
0.21442127097359467
0.21442127097359467
0.21442127097359467
0.21442127097359467
0.21442127097359467
0.21442127097359467
0.21442127097359467
0.21442127097359467
0.21064055263711076
0.21442127097359467
0.21442127097359467
0.21442127097359467
0.21442127097359467
0.21442127097359467
0.21442127097359467
0.21442127097359467
0.21442127097359467
0.21442127097359467
0.21442127097359467
0.21442127097359467
0.21442127097359467
0.21442127097359467
0.21064055263711076
0.21064055263711076
0.21442127097359467
0.21064055263711076
0.21442127097359467
0.21442127097359467
0.21442127097359467
0.21064055263711076
0.21064055263711076
0.21064055263711076
0.21442127097359467
0.21064055263711076
0.21064055263711076
0.21064055263711076
0.21064055263711076
0.21442127097359467
0.21064055263711076
0.21064055263711076
0.21064055263711076
0.21064055263711076
0.21064055263711076
0.21064055263711076
0.21064055263711076
0.21064055263711076
0.21064055263711076
0.21064055263711076
0.21064055263711076
0.21064055263711076
0.21064055263711076
0.21064055263711076
0.21064055263711076
0.21064055263711076
0.21064055263711076
0.21064055263711076
0.21064055263711076
0.21064055263711076
0.21064055263711076
0.21064055263711076
0.21064055263711076
0.21064055263711076
0.21064055263711076
0.21064055263711076
0.21064055263711076
0.21064055263711076
0.21064055263711076
0.21064055263711076
0.21064055263711076
0.21064055263711076
0.21064055263711076
0.21064055263711076
0.21064055263711076
0.21064055263711076
0.21064055263711076
0.21064055263711076
0.21064055263711076
0.21064055263711076
0.21064055263711076
0.21064055263711076
0.21064055263711076
0.21064055263711076
0.21064055263711076
0.21064055263711076
0.21064055263711076
0.21064055263711076
0.21064055263711076
0.21064055263711076
0.21064055263711076
0.21064055263711076
0.21064055263711076
0.21064055263711076
0.21064055263711076
0.21064055263711076
0.21064055263711076
0.21064055263711076
0.21064055263711076
0.21064055263711076
0.21064055263711076
0.21064055263711076
0.21064055263711076
0.21064055263711076
0.21064055263711076
0.21064055263711076
0.21064055263711076
0.21064055263711076
0.21064055263711076
0.21064055263711076
0.21064055263711076
0.21064055263711076
0.21064055263711076
0.21064055263711076
0.21064055263711076
0.21064055263711076
0.21064055263711076
0.21064055263711076
0.21064055263711076
0.21064055263711076
0.21064055263711076
0.21064055263711076
0.21064055263711076
0.21064055263711076
0.21064055263711076
0.21064055263711076
0.21064055263711076
0.21064055263711076
0.21064055263711076
0.21064055263711076
0.21064055263711076
0.21064055263711076
0.21064055263711076
0.21064055263711076
0.21064055263711076
0.21064055263711076
0.21064055263711076
0.21064055263711076
0.21064055263711076
0.21064055263711076
