0.32185176728550124
0.32185176728550124
0.9005681652851886
0.7082924325846187
0.32185176728550124
0.7525519500750104
0.6879487048100725
0.7754281974226612
0.7525519500750104
0.4663665021160088
0.531025651422077
0.4661822103878606
0.29225954773800256
0.5391074267829525
0.5391074267829525
0.6562357206680678
0.5518851936864978
0.9005681652851886
0.1503891412954974
0.32185176728550124
0.4661822103878606
0.15750657901791737
0.7754281974226612
0.5963527090006613
0.4441432400629841
0.3195619604796886
0.32185176728550124
0.27623527677529724
0.5391074267829525
0.12936182910978633
0.6524131355631257
0.42615878761116205
0.596391189873944
0.45759295451600407
0.6524131355631257
0.08087710934298067
0.32185176728550124
0.32185176728550124
0.7525519500750104
0.32185176728550124
0.32185176728550124
0.12936182910978633
0.08087710934298067
0.4661822103878606
0.12936182910978633
0.32185176728550124
0.10327348032105775
0.3928206867175188
0.46547801969401886
0.32185176728550124
0.13674115013557292
0.10075299716795175
0.32185176728550124
0.15750657901791737
0.08087710934298067
0.32185176728550124
0.27623527677529724
0.08087710934298067
0.14904196922888957
0.1324004794457575
0.12936182910978633
0.10075299716795175
0.10327348032105775
0.08087710934298067
0.08087710934298067
0.08087710934298067
0.12905402471164343
0.08105455338534018
0.12905402471164343
0.05387557998569398
0.1324004794457575
0.10734361232889758
0.05387557998569398
0.12905402471164343
0.4663665021160088
0.32185176728550124
0.13674115013557292
0.08087710934298067
0.06158979826908046
0.12936182910978633
0.08087710934298067
0.05387557998569398
0.05387557998569398
0.08087710934298067
0.05387557998569398
0.06158979826908046
0.05387557998569398
0.05387557998569398
0.15548401063274642
0.05387557998569398
0.05387557998569398
0.05387557998569398
0.7754281974226612
0.08087710934298067
0.08105455338534018
0.06158979826908046
0.08087710934298067
0.08087710934298067
0.08087710934298067
0.08105455338534018
0.05387557998569398
0.05387557998569398
0.05387557998569398
0.05387557998569398
0.05387557998569398
0.08087710934298067
0.05387557998569398
0.06158979826908046
0.05387557998569398
0.05387557998569398
0.05387557998569398
0.05387557998569398
0.05387557998569398
0.08087710934298067
0.05387557998569398
0.06158979826908046
0.06158979826908046
0.06158979826908046
0.05387557998569398
0.19259846255362614
0.05387557998569398
0.05387557998569398
0.05387557998569398
0.05387557998569398
0.05387557998569398
0.05387557998569398
0.05387557998569398
0.05387557998569398
0.05387557998569398
0.05387557998569398
0.05387557998569398
0.05387557998569398
0.05387557998569398
0.05387557998569398
0.05387557998569398
0.05387557998569398
0.05387557998569398
0.05387557998569398
0.05387557998569398
0.05387557998569398
0.05387557998569398
0.05387557998569398
0.05387557998569398
0.05387557998569398
0.05387557998569398
0.05387557998569398
0.05387557998569398
0.05387557998569398
0.05387557998569398
0.05387557998569398
0.05387557998569398
0.05387557998569398
0.05387557998569398
0.05387557998569398
0.05387557998569398
0.05387557998569398
0.05387557998569398
0.05387557998569398
0.05387557998569398
0.05387557998569398
0.05387557998569398
0.05387557998569398
0.05387557998569398
0.05387557998569398
0.05387557998569398
0.05387557998569398
0.05387557998569398
0.261265235834359
0.05387557998569398
0.05387557998569398
0.05387557998569398
0.05387557998569398
0.05387557998569398
0.05387557998569398
0.05387557998569398
0.05387557998569398
0.05387557998569398
0.05387557998569398
0.05387557998569398
0.05387557998569398
0.05387557998569398
0.05387557998569398
0.05387557998569398
0.05387557998569398
0.05387557998569398
0.6562357206680678
0.05387557998569398
0.05387557998569398
0.05387557998569398
0.05387557998569398
0.05387557998569398
0.05387557998569398
0.05387557998569398
0.3010657382410123
0.05387557998569398
0.05387557998569398
0.05387557998569398
0.05387557998569398
0.05387557998569398
0.05387557998569398
0.05387557998569398
0.05387557998569398
0.05387557998569398
0.05387557998569398
0.05387557998569398
0.05387557998569398
0.05387557998569398
0.05387557998569398
0.05387557998569398
0.05387557998569398
0.05387557998569398
0.05387557998569398
0.05387557998569398
0.05387557998569398
0.05387557998569398
0.05387557998569398
0.05387557998569398
0.05387557998569398
0.05387557998569398
0.05387557998569398
0.05387557998569398
0.05387557998569398
0.05387557998569398
0.05387557998569398
0.05387557998569398
0.05387557998569398
0.05387557998569398
0.05387557998569398
0.05387557998569398
0.05387557998569398
0.05387557998569398
0.05387557998569398
0.05387557998569398
0.05387557998569398
0.05387557998569398
0.05387557998569398
0.05387557998569398
0.05387557998569398
0.05387557998569398
0.05387557998569398
0.05387557998569398
0.05387557998569398
0.05387557998569398
0.05387557998569398
0.05387557998569398
0.05387557998569398
0.05387557998569398
0.05387557998569398
0.05387557998569398
0.05387557998569398
0.05387557998569398
0.05387557998569398
0.05387557998569398
0.05387557998569398
0.05387557998569398
0.05387557998569398
0.05387557998569398
0.10075299716795175
0.05387557998569398
0.05387557998569398
0.05387557998569398
0.261265235834359
0.05387557998569398
0.05387557998569398
0.05387557998569398
0.05387557998569398
0.05387557998569398
0.05387557998569398
0.6562357206680678
0.05151318018448357
0.05387557998569398
0.05387557998569398
0.05387557998569398
0.05387557998569398
0.05387557998569398
0.05387557998569398
0.05590857404625371
0.05387557998569398
0.05387557998569398
0.05387557998569398
0.05387557998569398
0.05387557998569398
0.05387557998569398
0.05387557998569398
0.05387557998569398
0.05387557998569398
0.05387557998569398
0.05387557998569398
0.05387557998569398
0.05387557998569398
0.05387557998569398
0.05151318018448357
0.05387557998569398
0.05387557998569398
0.05387557998569398
0.05387557998569398
0.05387557998569398
0.05387557998569398
0.05387557998569398
0.05387557998569398
0.05387557998569398
0.05387557998569398
0.05151318018448357
0.05387557998569398
0.08087710934298067
0.05387557998569398
0.05387557998569398
0.05387557998569398
0.05387557998569398
0.05387557998569398
0.05151318018448357
0.05387557998569398
0.05387557998569398
0.05387557998569398
0.05387557998569398
0.05387557998569398
0.05387557998569398
0.05387557998569398
0.05387557998569398
0.05151318018448357
0.05387557998569398
0.05387557998569398
0.05151318018448357
0.05387557998569398
0.05387557998569398
0.6562357206680678
0.05387557998569398
0.05151318018448357
0.05387557998569398
0.05387557998569398
0.05151318018448357
0.05387557998569398
0.05387557998569398
0.05151318018448357
0.05151318018448357
0.05387557998569398
0.05151318018448357
0.05151318018448357
0.05387557998569398
0.05387557998569398
0.05151318018448357
0.05151318018448357
0.05151318018448357
0.05151318018448357
0.05151318018448357
0.05151318018448357
0.05151318018448357
0.05151318018448357
0.05151318018448357
0.05151318018448357
0.05387557998569398
0.05387557998569398
0.05151318018448357
0.05151318018448357
0.05151318018448357
0.05151318018448357
0.05151318018448357
0.05151318018448357
0.05151318018448357
0.05151318018448357
0.05151318018448357
0.05151318018448357
0.05151318018448357
0.05151318018448357
0.05151318018448357
0.05151318018448357
0.05151318018448357
0.07780190991203999
0.05151318018448357
0.05151318018448357
0.05151318018448357
0.05151318018448357
0.05151318018448357
0.05151318018448357
0.05151318018448357
0.05151318018448357
0.05151318018448357
0.05151318018448357
0.05151318018448357
0.05151318018448357
0.05151318018448357
0.05151318018448357
0.05151318018448357
0.05151318018448357
0.05151318018448357
0.05151318018448357
0.05151318018448357
0.05151318018448357
0.05151318018448357
0.37697993349572345
0.05151318018448357
0.277876506836779
0.05151318018448357
0.05151318018448357
0.05151318018448357
0.05151318018448357
0.05151318018448357
0.05151318018448357
0.05151318018448357
0.05151318018448357
0.05151318018448357
0.05151318018448357
0.05151318018448357
0.05151318018448357
0.05151318018448357
0.05151318018448357
0.05151318018448357
0.05151318018448357
0.05151318018448357
0.05151318018448357
0.05151318018448357
0.05151318018448357
0.05151318018448357
0.05151318018448357
0.05151318018448357
0.05151318018448357
0.05151318018448357
0.05151318018448357
0.05151318018448357
0.05151318018448357
