0.7622242232636919
0.8308119903794418
0.7622242232636919
0.9496238715675607
0.9966535745378576
0.9793268418645903
0.29841018942894004
0.3207594429903485
0.38422360410308687
0.5005602377664535
0.6535895434392537
0.7498479856399295
0.5288923733715835
0.2558743111697773
0.3817483565783344
0.38422360410308687
0.46831829823703064
0.8308119903794418
0.2986812977209643
0.9793268418645903
0.31828419546559605
0.38422360410308687
0.28521370311298855
0.4197693439804469
0.2558743111697773
0.2558743111697773
0.5288923733715835
0.38422360410308687
0.5005602377664535
0.2558743111697773
0.38422360410308687
0.3207594429903485
0.32811315972596977
0.2895250085067669
0.8481387230527091
0.6362628107659865
0.4287942392241665
0.2583495586945298
0.5005602377664535
0.2558743111697773
0.28521370311298855
0.2558743111697773
0.2558743111697773
0.5005602377664535
0.38422360410308687
0.3207594429903485
0.2583495586945298
0.2558743111697773
0.2558743111697773
0.2583495586945298
0.2558743111697773
0.2583495586945298
0.2583495586945298
0.2558743111697773
0.38422360410308687
0.31828419546559605
0.2558743111697773
0.2558743111697773
0.28521370311298855
0.2583495586945298
0.2558743111697773
0.2558743111697773
0.2558743111697773
0.2558743111697773
0.2558743111697773
0.2558743111697773
0.2558743111697773
0.2558743111697773
0.2558743111697773
0.2558743111697773
0.2558743111697773
0.28805252899155953
0.2558743111697773
0.2558743111697773
0.28521370311298855
0.2558743111697773
0.2558743111697773
0.2558743111697773
0.2558743111697773
0.2558743111697773
0.2558743111697773
0.2558743111697773
0.2558743111697773
0.2558743111697773
0.2558743111697773
0.2558743111697773
0.2558743111697773
0.2558743111697773
0.2558743111697773
0.2558743111697773
0.2558743111697773
0.2558743111697773
0.2558743111697773
0.2558743111697773
0.2558743111697773
0.2558743111697773
0.2558743111697773
0.2558743111697773
0.2558743111697773
0.2558743111697773
0.2558743111697773
0.2558743111697773
0.2558743111697773
0.2558743111697773
0.2558743111697773
0.2558743111697773
0.2558743111697773
0.2558743111697773
0.2558743111697773
0.2558743111697773
0.2558743111697773
0.2558743111697773
0.2558743111697773
0.2558743111697773
0.2558743111697773
0.2558743111697773
0.2558743111697773
0.2558743111697773
0.2558743111697773
0.2558743111697773
0.2558743111697773
0.2558743111697773
0.2558743111697773
0.29816231440899005
0.2558743111697773
0.2558743111697773
0.2558743111697773
0.2558743111697773
0.2558743111697773
0.2558743111697773
0.2558743111697773
0.2558743111697773
0.2558743111697773
0.2558743111697773
0.2558743111697773
0.2558743111697773
0.2558743111697773
0.2558743111697773
0.2558743111697773
0.2558743111697773
0.2558743111697773
0.2558743111697773
0.2558743111697773
0.2558743111697773
0.2558743111697773
0.2558743111697773
0.2558743111697773
0.2558743111697773
0.2558743111697773
0.2558743111697773
0.2558743111697773
0.2558743111697773
0.2558743111697773
0.2558743111697773
0.2558743111697773
0.2558743111697773
0.2558743111697773
0.2558743111697773
0.2558743111697773
0.2558743111697773
0.2558743111697773
0.2558743111697773
0.2558743111697773
0.2558743111697773
0.2558743111697773
0.2558743111697773
0.2558743111697773
0.2558743111697773
0.2558743111697773
0.2558743111697773
0.2558743111697773
0.2558743111697773
0.2558743111697773
0.2558743111697773
0.2558743111697773
0.2558743111697773
0.2558743111697773
0.2558743111697773
0.2558743111697773
0.2558743111697773
0.2558743111697773
0.2558743111697773
0.2558743111697773
0.2558743111697773
0.2558743111697773
0.2558743111697773
0.2558743111697773
0.2558743111697773
0.2558743111697773
0.2558743111697773
0.2558743111697773
0.2558743111697773
0.2558743111697773
0.2558743111697773
0.2558743111697773
0.2558743111697773
0.2558743111697773
0.2558743111697773
0.2558743111697773
0.2558743111697773
0.2558743111697773
0.2558743111697773
0.2558743111697773
0.2558743111697773
0.2558743111697773
0.2558743111697773
0.2558743111697773
0.2558743111697773
0.2558743111697773
0.2558743111697773
0.2558743111697773
0.2558743111697773
0.2558743111697773
0.3817483565783344
0.2558743111697773
0.2558743111697773
0.2558743111697773
0.2558743111697773
0.2558743111697773
0.2558743111697773
0.2558743111697773
0.2583495586945298
0.2558743111697773
0.2558743111697773
0.2558743111697773
0.2558743111697773
0.2558743111697773
0.2558743111697773
0.2558743111697773
0.2558743111697773
0.2558743111697773
0.2558743111697773
0.2558743111697773
0.2558743111697773
0.2558743111697773
0.2558743111697773
0.2558743111697773
0.2558743111697773
0.2558743111697773
0.2558743111697773
0.2558743111697773
0.2558743111697773
0.2558743111697773
0.2558743111697773
0.2558743111697773
0.2558743111697773
0.2558743111697773
0.2558743111697773
0.2558743111697773
0.2558743111697773
0.2558743111697773
0.2558743111697773
0.2558743111697773
0.2558743111697773
0.2558743111697773
0.2558743111697773
0.2558743111697773
0.2558743111697773
0.2558743111697773
0.2558743111697773
0.3817483565783344
0.2558743111697773
0.2558743111697773
0.2558743111697773
0.2558743111697773
0.2558743111697773
0.2558743111697773
0.2558743111697773
0.5005602377664535
0.2558743111697773
0.2558743111697773
0.2558743111697773
0.2558743111697773
0.2558743111697773
0.2558743111697773
0.2558743111697773
0.2558743111697773
0.2558743111697773
0.2558743111697773
0.2558743111697773
0.2558743111697773
0.2558743111697773
0.2558743111697773
0.2558743111697773
0.2558743111697773
0.2558743111697773
0.2558743111697773
0.2558743111697773
0.2558743111697773
0.2558743111697773
0.2558743111697773
0.2558743111697773
0.2558743111697773
0.2558743111697773
0.2558743111697773
0.2558743111697773
0.2558743111697773
0.2558743111697773
0.2558743111697773
0.2558743111697773
0.28557728146680705
0.2558743111697773
0.2558743111697773
0.2558743111697773
0.2558743111697773
0.2558743111697773
0.2558743111697773
0.2558743111697773
0.2558743111697773
0.2558743111697773
0.2558743111697773
0.2558743111697773
0.2558743111697773
0.2558743111697773
0.2558743111697773
0.2558743111697773
0.2558743111697773
0.2558743111697773
0.2558743111697773
0.2558743111697773
0.2558743111697773
0.2558743111697773
0.2558743111697773
0.2558743111697773
0.2558743111697773
0.2558743111697773
0.2558743111697773
0.2558743111697773
0.2558743111697773
0.2558743111697773
0.2558743111697773
0.2558743111697773
0.2558743111697773
0.2558743111697773
0.2558743111697773
0.2558743111697773
0.2558743111697773
0.2558743111697773
0.2558743111697773
0.2558743111697773
0.2558743111697773
0.2558743111697773
0.2558743111697773
0.2558743111697773
0.2558743111697773
0.2558743111697773
0.2558743111697773
0.2558743111697773
0.2558743111697773
0.2558743111697773
0.2558743111697773
0.2558743111697773
0.2558743111697773
0.2558743111697773
0.2558743111697773
0.2558743111697773
0.2558743111697773
0.2558743111697773
0.2558743111697773
0.2558743111697773
0.2558743111697773
0.2558743111697773
0.2558743111697773
0.2558743111697773
0.2558743111697773
0.2558743111697773
0.2558743111697773
0.2558743111697773
0.2558743111697773
0.2558743111697773
0.2558743111697773
0.2558743111697773
0.2558743111697773
0.2558743111697773
0.2558743111697773
0.2558743111697773
0.2558743111697773
0.2558743111697773
0.2558743111697773
0.2558743111697773
0.2558743111697773
0.2558743111697773
0.2558743111697773
0.2558743111697773
0.2558743111697773
0.2558743111697773
0.2558743111697773
0.2558743111697773
0.2558743111697773
0.2558743111697773
0.2558743111697773
0.2558743111697773
0.2558743111697773
0.2558743111697773
0.2558743111697773
0.6535895434392537
0.2558743111697773
0.2558743111697773
0.2558743111697773
0.2558743111697773
0.2558743111697773
0.2558743111697773
0.2558743111697773
0.2558743111697773
0.2558743111697773
0.2558743111697773
0.2558743111697773
0.2558743111697773
0.2558743111697773
0.2558743111697773
0.2558743111697773
0.2558743111697773
0.2558743111697773
0.2558743111697773
0.2558743111697773
0.2558743111697773
0.2558743111697773
0.2558743111697773
0.2558743111697773
0.2558743111697773
