0.8544960472991509
0.8875626654469486
0.9057444836287667
0.9193808472651304
0.9966535745378576
0.9193808472651304
0.7740867213115556
0.6903251393065305
0.8407335464937391
0.8611362726281573
0.9057444836287667
0.9057444836287667
0.8954545450389826
0.7398600591950106
0.8611362726281573
0.6699074495335537
0.6058935141006234
0.9966535745378576
0.7441014750743613
0.9966535745378576
0.6903251393065305
0.8407335464937391
0.7976236053216939
0.7264043814274185
0.7398600591950106
0.7398600591950106
0.8954545450389826
0.6699074495335537
0.8611362726281573
0.7353146046495561
0.6699074495335537
0.6903251393065305
0.7740867213115556
0.6058935141006234
0.9421081199924031
0.8544960472991509
0.875756128968407
0.5028153282089046
0.8611362726281573
0.7353146046495561
0.875756128968407
0.5884426995624805
0.7976236053216939
0.6628849196641948
0.6699074495335537
0.6903251393065305
0.5028153282089046
0.6903251393065305
0.6058935141006234
0.5028153282089046
0.49163593015808715
0.7441014750743613
0.5028153282089046
0.6699074495335537
0.6699074495335537
0.6699074495335537
0.7264043814274185
0.7264043814274185
0.7976236053216939
0.5028153282089046
0.5884426995624805
0.6917223978069189
0.5028153282089046
0.6058935141006234
0.5028153282089046
0.5884426995624805
0.49163593015808715
0.5028153282089046
0.5028153282089046
0.6628849196641948
0.5884426995624805
0.7441014750743613
0.49163593015808715
0.49163593015808715
0.6628849196641948
0.6058935141006234
0.5028153282089046
0.5028153282089046
0.6628849196641948
0.5028153282089046
0.5028153282089046
0.49163593015808715
0.5028153282089046
0.49163593015808715
0.49163593015808715
0.49163593015808715
0.49163593015808715
0.49163593015808715
0.5028153282089046
0.5884426995624805
0.49163593015808715
0.49163593015808715
0.5028153282089046
0.5028153282089046
0.49163593015808715
0.5281149571384988
0.49163593015808715
0.5028153282089046
0.6037781812619598
0.44425420419342043
0.49163593015808715
0.49163593015808715
0.5028153282089046
0.49163593015808715
0.49163593015808715
0.5028153282089046
0.49163593015808715
0.49163593015808715
0.49163593015808715
0.49163593015808715
0.49163593015808715
0.49163593015808715
0.49163593015808715
0.49163593015808715
0.6058935141006234
0.49163593015808715
0.49163593015808715
0.49163593015808715
0.49163593015808715
0.49163593015808715
0.49163593015808715
0.49163593015808715
0.49163593015808715
0.49163593015808715
0.49163593015808715
0.49163593015808715
0.49163593015808715
0.49163593015808715
0.5028153282089046
0.49163593015808715
0.49163593015808715
0.49163593015808715
0.49163593015808715
0.49163593015808715
0.49163593015808715
0.49163593015808715
0.49163593015808715
0.49163593015808715
0.49163593015808715
0.49163593015808715
0.49163593015808715
0.49163593015808715
0.49163593015808715
0.49163593015808715
0.49163593015808715
0.49163593015808715
0.49163593015808715
0.49163593015808715
0.49163593015808715
0.49163593015808715
0.49163593015808715
0.49163593015808715
0.49163593015808715
0.49163593015808715
0.49163593015808715
0.49163593015808715
0.49163593015808715
0.49163593015808715
0.49163593015808715
0.49163593015808715
0.49163593015808715
0.49163593015808715
0.49163593015808715
0.49163593015808715
0.49163593015808715
0.49163593015808715
0.49163593015808715
0.49163593015808715
0.49163593015808715
0.49163593015808715
0.49163593015808715
0.49163593015808715
0.49163593015808715
0.49163593015808715
0.49163593015808715
0.49163593015808715
0.49163593015808715
0.49163593015808715
0.49163593015808715
0.49163593015808715
0.49163593015808715
0.49163593015808715
0.49163593015808715
0.49163593015808715
0.49163593015808715
0.49163593015808715
0.49163593015808715
0.49163593015808715
0.49163593015808715
0.49163593015808715
0.49163593015808715
0.49163593015808715
0.49163593015808715
0.49163593015808715
0.49163593015808715
0.49163593015808715
0.49163593015808715
0.49163593015808715
0.49163593015808715
0.49163593015808715
0.49163593015808715
0.49163593015808715
0.4726806243046152
0.49163593015808715
0.49163593015808715
0.49163593015808715
0.49163593015808715
0.49163593015808715
0.49163593015808715
0.49163593015808715
0.49163593015808715
0.49163593015808715
0.49163593015808715
0.5185304732078292
0.49163593015808715
0.49163593015808715
0.49163593015808715
0.49163593015808715
0.7845099334861377
0.49163593015808715
0.49163593015808715
0.6903251393065305
0.49163593015808715
0.49163593015808715
0.49163593015808715
0.4726806243046152
0.49163593015808715
0.4726806243046152
0.49163593015808715
0.49163593015808715
0.49163593015808715
0.49163593015808715
0.49163593015808715
0.49163593015808715
0.49163593015808715
0.49163593015808715
0.49163593015808715
0.49163593015808715
0.49163593015808715
0.49163593015808715
0.49163593015808715
0.49163593015808715
0.49163593015808715
0.49163593015808715
0.49163593015808715
0.4726806243046152
0.49163593015808715
0.49163593015808715
0.49163593015808715
0.49163593015808715
0.49163593015808715
0.49163593015808715
0.4726806243046152
0.49163593015808715
0.49163593015808715
0.49163593015808715
0.4726806243046152
0.49163593015808715
0.49163593015808715
0.49163593015808715
0.6352361635959756
0.4726806243046152
0.49163593015808715
0.49163593015808715
0.49163593015808715
0.49163593015808715
0.4726806243046152
0.49163593015808715
0.6238024479468429
0.49163593015808715
0.4726806243046152
0.4726806243046152
0.4726806243046152
0.49163593015808715
0.4726806243046152
0.49163593015808715
0.49163593015808715
0.49163593015808715
0.49163593015808715
0.49163593015808715
0.4726806243046152
0.4726806243046152
0.49163593015808715
0.4726806243046152
0.49163593015808715
0.4726806243046152
0.4726806243046152
0.4726806243046152
0.49163593015808715
0.4726806243046152
0.49163593015808715
0.49163593015808715
0.4726806243046152
0.4726806243046152
0.49163593015808715
0.4726806243046152
0.4726806243046152
0.4726806243046152
0.4726806243046152
0.4726806243046152
0.6058935141006234
0.4726806243046152
0.4726806243046152
0.4726806243046152
0.4726806243046152
0.4726806243046152
0.4726806243046152
0.4726806243046152
0.4726806243046152
0.4726806243046152
0.4726806243046152
0.4726806243046152
0.4726806243046152
0.4726806243046152
0.4726806243046152
0.4726806243046152
0.4726806243046152
0.4726806243046152
0.4726806243046152
0.4726806243046152
0.4726806243046152
0.4726806243046152
0.4726806243046152
0.4726806243046152
0.4726806243046152
0.4726806243046152
0.4726806243046152
0.4726806243046152
0.4726806243046152
0.4726806243046152
0.4726806243046152
0.4726806243046152
0.4726806243046152
0.4726806243046152
0.4726806243046152
0.4726806243046152
0.4726806243046152
0.4726806243046152
0.4726806243046152
0.4726806243046152
0.4726806243046152
0.4726806243046152
0.4726806243046152
0.4726806243046152
0.4726806243046152
0.4726806243046152
0.4726806243046152
0.4726806243046152
0.4726806243046152
0.4726806243046152
0.49163593015808715
0.4726806243046152
0.4726806243046152
0.4726806243046152
0.4726806243046152
0.4726806243046152
0.4726806243046152
0.4726806243046152
0.4726806243046152
0.4726806243046152
0.4726806243046152
0.4726806243046152
0.4726806243046152
0.4726806243046152
0.4726806243046152
0.4726806243046152
0.7845099334861377
0.4726806243046152
0.4726806243046152
0.4726806243046152
0.4726806243046152
0.4726806243046152
0.4726806243046152
0.4726806243046152
0.4726806243046152
0.4726806243046152
0.4726806243046152
0.4726806243046152
0.4726806243046152
0.4726806243046152
0.4726806243046152
0.4726806243046152
0.4726806243046152
0.4726806243046152
0.4726806243046152
0.6588568200134447
0.6058935141006234
0.4726806243046152
0.4726806243046152
0.4726806243046152
0.4726806243046152
0.4726806243046152
0.4726806243046152
0.4726806243046152
0.4726806243046152
0.7900893293562519
0.4726806243046152
0.4726806243046152
0.4726806243046152
0.4726806243046152
0.4726806243046152
0.4726806243046152
0.4726806243046152
0.4726806243046152
0.4726806243046152
0.4726806243046152
0.4726806243046152
0.4726806243046152
0.4726806243046152
0.4726806243046152
0.4726806243046152
0.4726806243046152
0.4726806243046152
0.4726806243046152
0.4726806243046152
0.4726806243046152
0.49163593015808715
0.4726806243046152
0.4726806243046152
0.4726806243046152
0.4726806243046152
0.4726806243046152
0.4726806243046152
0.4726806243046152
0.4726806243046152
0.4726806243046152
0.4726806243046152
0.4726806243046152
0.4726806243046152
0.4726806243046152
0.4726806243046152
0.4726806243046152
0.4726806243046152
0.4726806243046152
0.4726806243046152
0.4726806243046152
0.4726806243046152
0.4726806243046152
0.4726806243046152
0.4726806243046152
0.4726806243046152
0.4726806243046152
0.4726806243046152
0.4726806243046152
0.4726806243046152
0.4726806243046152
0.4726806243046152
0.4726806243046152
0.4726806243046152
0.4726806243046152
0.4726806243046152
0.4726806243046152
0.4726806243046152
0.4726806243046152
0.4726806243046152
0.4726806243046152
0.4726806243046152
0.4726806243046152
0.4726806243046152
0.4726806243046152
0.6238024479468429
0.4726806243046152
0.4726806243046152
0.4726806243046152
0.4726806243046152
0.4726806243046152
0.4726806243046152
0.4726806243046152
0.4726806243046152
0.4726806243046152
0.4726806243046152
0.4726806243046152
0.4726806243046152
0.4726806243046152
0.4726806243046152
0.4726806243046152
0.4726806243046152
0.4726806243046152
0.4726806243046152
0.4726806243046152
0.4726806243046152
0.4726806243046152
0.4726806243046152
0.4726806243046152
0.4726806243046152
0.4726806243046152
0.4726806243046152
0.4726806243046152
0.4726806243046152
0.4726806243046152
0.4726806243046152
0.7845099334861377
0.4726806243046152
0.4726806243046152
0.4726806243046152
0.4726806243046152
0.4726806243046152
0.4726806243046152
0.4726806243046152
0.4726806243046152
0.4726806243046152
0.4726806243046152
0.4726806243046152
0.49163593015808715
0.4726806243046152
0.4726806243046152
0.4726806243046152
0.4726806243046152
0.4726806243046152
0.4726806243046152
0.4963601233999577
0.4726806243046152
0.4726806243046152
0.4726806243046152
0.4726806243046152
0.4726806243046152
0.4726806243046152
0.4726806243046152
0.4726806243046152
0.4726806243046152
0.4726806243046152
0.4726806243046152
0.4726806243046152
0.4726806243046152
0.4726806243046152
0.4726806243046152
0.4726806243046152
0.4726806243046152
0.4726806243046152
0.4726806243046152
0.4726806243046152
0.4726806243046152
0.4726806243046152
0.4726806243046152
0.4726806243046152
0.4726806243046152
0.4726806243046152
0.4726806243046152
0.4726806243046152
0.4726806243046152
0.4726806243046152
0.4726806243046152
0.4726806243046152
0.4726806243046152
0.4726806243046152
0.4726806243046152
0.4726806243046152
0.4726806243046152
0.884408823538525
0.4726806243046152
0.4726806243046152
0.4726806243046152
0.4726806243046152
0.4726806243046152
0.4726806243046152
0.4726806243046152
0.4726806243046152
0.4726806243046152
0.4726806243046152
0.4726806243046152
0.4726806243046152
0.4726806243046152
0.4726806243046152
0.4726806243046152
0.4726806243046152
0.4726806243046152
0.4726806243046152
0.4726806243046152
0.6058935141006234
0.4726806243046152
0.4726806243046152
0.4726806243046152
0.4726806243046152
0.4726806243046152
0.4726806243046152
0.4726806243046152
0.4726806243046152
0.4726806243046152
0.4726806243046152
0.4726806243046152
0.4726806243046152
0.49163593015808715
0.4726806243046152
0.4726806243046152
0.4726806243046152
0.4726806243046152
0.4726806243046152
0.4726806243046152
0.4726806243046152
0.4726806243046152
0.4726806243046152
0.4726806243046152
0.4726806243046152
0.4726806243046152
0.4726806243046152
0.4726806243046152
0.4726806243046152
0.4726806243046152
0.4726806243046152
0.4726806243046152
0.4726806243046152
0.4726806243046152
0.4726806243046152
0.4726806243046152
0.4726806243046152
0.4726806243046152
0.4726806243046152
0.4726806243046152
0.4726806243046152
0.4726806243046152
0.4726806243046152
0.4726806243046152
0.4726806243046152
0.4726806243046152
0.4726806243046152
0.4726806243046152
0.4726806243046152
0.4726806243046152
0.4726806243046152
0.4726806243046152
0.4726806243046152
0.4726806243046152
0.4726806243046152
0.4726806243046152
0.4726806243046152
0.4726806243046152
0.4726806243046152
0.4726806243046152
0.4726806243046152
0.4726806243046152
0.4726806243046152
0.4726806243046152
0.4726806243046152
0.4726806243046152
0.4726806243046152
0.4726806243046152
0.4726806243046152
0.4726806243046152
0.4726806243046152
0.4726806243046152
0.4726806243046152
0.4726806243046152
0.4726806243046152
0.4726806243046152
0.4726806243046152
0.4726806243046152
0.4726806243046152
0.4726806243046152
0.4726806243046152
0.4726806243046152
0.4726806243046152
0.4726806243046152
0.4726806243046152
0.4726806243046152
0.4726806243046152
0.4726806243046152
0.4726806243046152
0.4726806243046152
0.4726806243046152
0.4726806243046152
0.4726806243046152
0.4726806243046152
0.4726806243046152
0.4726806243046152
0.4726806243046152
0.4726806243046152
0.4726806243046152
0.4726806243046152
0.4726806243046152
0.4726806243046152
0.4726806243046152
0.4726806243046152
0.4726806243046152
0.4726806243046152
0.4726806243046152
0.4726806243046152
0.4726806243046152
0.4726806243046152
0.4726806243046152
0.4726806243046152
0.4726806243046152
0.4726806243046152
0.4726806243046152
0.4726806243046152
0.4726806243046152
0.4726806243046152
0.4726806243046152
0.4726806243046152
0.4726806243046152
0.4726806243046152
0.4726806243046152
0.4726806243046152
0.4726806243046152
0.4726806243046152
0.4726806243046152
0.4726806243046152
0.4726806243046152
0.4726806243046152
0.4726806243046152
0.4726806243046152
0.4726806243046152
0.4726806243046152
0.4726806243046152
0.4726806243046152
0.4726806243046152
0.4726806243046152
0.4726806243046152
0.4726806243046152
0.4726806243046152
0.4726806243046152
0.4726806243046152
0.4726806243046152
0.4726806243046152
0.4726806243046152
0.4726806243046152
0.4726806243046152
0.4726806243046152
0.4726806243046152
0.4726806243046152
0.4726806243046152
0.4726806243046152
0.4726806243046152
0.4726806243046152
0.4726806243046152
0.4726806243046152
0.4726806243046152
0.4726806243046152
0.4726806243046152
0.4726806243046152
0.4726806243046152
0.4726806243046152
0.4726806243046152
0.4726806243046152
0.4726806243046152
0.4726806243046152
0.4726806243046152
0.4726806243046152
0.4726806243046152
0.4726806243046152
0.46514360212576544
0.4726806243046152
0.4726806243046152
0.46514360212576544
0.4726806243046152
0.4726806243046152
0.4726806243046152
0.4726806243046152
0.4726806243046152
0.4726806243046152
0.4726806243046152
0.46514360212576544
0.4726806243046152
0.4726806243046152
0.46514360212576544
0.4726806243046152
0.4726806243046152
0.4726806243046152
0.46514360212576544
0.46514360212576544
0.4726806243046152
0.46514360212576544
0.4726806243046152
0.7277657264290309
0.4726806243046152
0.46514360212576544
0.46514360212576544
0.46514360212576544
0.4726806243046152
0.46514360212576544
0.46514360212576544
0.4726806243046152
0.4726806243046152
0.46514360212576544
0.46514360212576544
0.4726806243046152
0.46514360212576544
0.46514360212576544
0.46514360212576544
0.46514360212576544
0.46514360212576544
0.46514360212576544
0.46514360212576544
0.46514360212576544
0.46514360212576544
0.46514360212576544
0.46514360212576544
0.46514360212576544
0.46514360212576544
0.46514360212576544
0.46514360212576544
0.4726806243046152
0.46514360212576544
0.6628849196641948
0.46514360212576544
0.46514360212576544
0.46514360212576544
0.46514360212576544
0.46514360212576544
0.46514360212576544
0.46514360212576544
0.46514360212576544
0.46514360212576544
0.46514360212576544
0.46514360212576544
0.46514360212576544
0.46514360212576544
0.46514360212576544
0.46514360212576544
0.46514360212576544
0.46514360212576544
0.46514360212576544
0.46514360212576544
0.46514360212576544
0.46514360212576544
0.46514360212576544
0.46514360212576544
0.46514360212576544
0.46514360212576544
0.46514360212576544
0.46514360212576544
