0.9018259883309611
0.9018259883309611
0.9018259883309611
0.8321136853815174
0.9449294366068232
0.6424149773247816
0.8060342059444139
0.8759639193654438
0.8544121952275128
0.8060342059444139
0.7715515890147142
0.6470185504417574
0.7068675103795788
0.6469608161434259
0.9492397814344093
0.9707915055723404
0.7137205628844288
0.9018259883309611
0.8759639193654438
0.7195742000609404
0.8189650203130221
0.8544121952275128
0.8221062205334995
0.6801424193739041
0.8544121952275128
0.8759639193654438
0.9492397814344093
0.8321136853815174
0.8321136853815174
0.7713490029844201
0.8273235445543867
0.6523448753582324
0.8316076482592349
0.8544121952275128
0.9707915055723404
0.8189650203130221
0.9018259883309611
0.9018259883309611
0.8759639193654438
0.9492397814344093
0.8189650203130221
0.6470185504417574
0.8759639193654438
0.7137205628844288
0.6469608161434259
0.8544121952275128
0.7797978410599413
0.7715515890147142
0.8321136853815174
0.8060342059444139
0.8060342059444139
0.8189650203130221
0.8759639193654438
0.6523448753582324
0.6470185504417574
0.6523448753582324
0.6523448753582324
0.8189650203130221
0.6523448753582324
0.6470185504417574
0.7415536384849795
0.8316076482592349
0.8544121952275128
0.8272973034316488
0.6424149773247816
0.6801424193739041
0.6469608161434259
0.6469608161434259
0.8316076482592349
0.5978815324717308
0.8544121952275128
0.6424149773247816
0.8273235445543867
0.8759639193654438
0.6470185504417574
0.6469608161434259
0.8273235445543867
0.8759639193654438
0.8316076482592349
0.8273235445543867
0.6469608161434259
0.6470185504417574
0.6470185504417574
0.6470185504417574
0.6523448753582324
0.6469608161434259
0.7797978410599413
0.9018259883309611
0.8060342059444139
0.8060342059444139
0.8316076482592349
0.6801424193739041
0.6470185504417574
0.6424149773247816
0.6469608161434259
0.8060342059444139
0.8189650203130221
0.6424149773247816
0.5875687302883649
0.6523448753582324
0.6424149773247816
0.6469608161434259
0.6470185504417574
0.5978815324717308
0.5978815324717308
0.7137205628844288
0.6470185504417574
0.6470185504417574
0.6470185504417574
0.8189650203130221
0.6424149773247816
0.6523448753582324
0.6424149773247816
0.6469608161434259
0.6523448753582324
0.5530621068584531
0.6424149773247816
0.8010718489454931
0.520283221947681
0.6523448753582324
0.5978815324717308
0.5978815324717308
0.6469608161434259
0.5330752063852235
0.520283221947681
0.520283221947681
0.5978815324717308
0.6424149773247816
0.5330752063852235
0.5420658549420438
0.5875687302883649
0.5978815324717308
0.6424149773247816
0.6469608161434259
0.6469608161434259
0.5530621068584531
0.6470185504417574
0.5978815324717308
0.5530621068584531
0.6469608161434259
0.6469608161434259
0.6424149773247816
0.6470185504417574
0.6469608161434259
0.520283221947681
0.6470185504417574
0.6470185504417574
0.6469608161434259
0.6469608161434259
0.6424149773247816
0.6424149773247816
0.6470185504417574
0.5978815324717308
0.6469608161434259
0.6469608161434259
0.5330752063852235
0.6424149773247816
0.6470185504417574
0.6469608161434259
0.6469608161434259
0.520283221947681
0.6424149773247816
0.6469608161434259
0.5420658549420438
0.5978815324717308
0.6469608161434259
0.5330752063852235
0.5530621068584531
0.5330752063852235
0.6424149773247816
0.5047076366385512
0.6801424193739041
0.6469608161434259
0.7713490029844201
0.5978815324717308
0.5978815324717308
0.520283221947681
0.6424149773247816
0.6469608161434259
0.5978815324717308
0.6424149773247816
0.520283221947681
0.5222053664718859
0.5978815324717308
0.5330752063852235
0.5530621068584531
0.5330752063852235
0.5978815324717308
0.6424149773247816
0.5530621068584531
0.5330752063852235
0.6424149773247816
0.6424149773247816
0.520283221947681
0.5978815324717308
0.5420658549420438
0.5978815324717308
0.520283221947681
0.520283221947681
0.6424149773247816
0.520283221947681
0.5530621068584531
0.5330752063852235
0.520283221947681
0.520283221947681
0.520283221947681
0.5222053664718859
0.520283221947681
0.520283221947681
0.520283221947681
0.5978815324717308
0.5047076366385512
0.520283221947681
0.5978815324717308
0.520283221947681
0.520283221947681
0.520283221947681
0.5330752063852235
0.6424149773247816
0.5330752063852235
0.7670991587863731
0.520283221947681
0.5330752063852235
0.5530621068584531
0.5330752063852235
0.5978815324717308
0.5978815324717308
0.5420658549420438
0.5420658549420438
0.5978815324717308
0.5978815324717308
0.5330752063852235
0.5420658549420438
0.520283221947681
0.5330752063852235
0.5530621068584531
0.6424149773247816
0.520283221947681
0.6424149773247816
0.5978815324717308
0.5047076366385512
0.520283221947681
0.5420658549420438
0.5222053664718859
0.520283221947681
0.520283221947681
0.5978815324717308
0.520283221947681
0.520283221947681
0.520283221947681
0.520283221947681
0.520283221947681
0.520283221947681
0.520283221947681
0.520283221947681
0.5047076366385512
0.5047076366385512
0.520283221947681
0.5330752063852235
0.520283221947681
0.6424149773247816
0.520283221947681
0.520283221947681
0.520283221947681
0.520283221947681
0.520283221947681
0.5330752063852235
0.520283221947681
0.5222053664718859
0.520283221947681
0.520283221947681
0.520283221947681
0.5330752063852235
0.5330752063852235
0.520283221947681
0.5330752063852235
0.520283221947681
0.520283221947681
0.520283221947681
0.520283221947681
0.5047076366385512
0.520283221947681
0.520283221947681
0.520283221947681
0.520283221947681
0.520283221947681
0.520283221947681
0.5047076366385512
0.520283221947681
0.5047076366385512
0.520283221947681
0.520283221947681
0.520283221947681
0.520283221947681
0.520283221947681
0.520283221947681
0.520283221947681
0.520283221947681
0.520283221947681
0.6424149773247816
0.5047076366385512
0.5047076366385512
0.520283221947681
0.520283221947681
0.520283221947681
0.520283221947681
0.520283221947681
0.520283221947681
0.5330752063852235
0.520283221947681
0.520283221947681
0.5047076366385512
0.520283221947681
0.520283221947681
0.5047076366385512
0.520283221947681
0.5047076366385512
0.5047076366385512
0.520283221947681
0.520283221947681
0.5047076366385512
0.520283221947681
0.520283221947681
0.5047076366385512
0.520283221947681
0.520283221947681
0.5047076366385512
0.5047076366385512
0.520283221947681
0.5047076366385512
0.5047076366385512
0.5047076366385512
0.520283221947681
0.520283221947681
0.520283221947681
0.520283221947681
0.520283221947681
0.5047076366385512
0.5047076366385512
0.520283221947681
0.5047076366385512
0.5047076366385512
0.520283221947681
0.5047076366385512
0.520283221947681
0.520283221947681
0.520283221947681
0.520283221947681
0.5047076366385512
0.520283221947681
0.520283221947681
0.520283221947681
0.5047076366385512
0.520283221947681
0.5047076366385512
0.5047076366385512
0.520283221947681
0.5047076366385512
0.5047076366385512
0.5047076366385512
0.520283221947681
0.5047076366385512
0.520283221947681
0.520283221947681
0.6424149773247816
0.5047076366385512
0.5047076366385512
0.5047076366385512
0.520283221947681
0.5047076366385512
0.5047076366385512
0.5047076366385512
0.5047076366385512
0.5047076366385512
0.5047076366385512
0.5047076366385512
0.5047076366385512
0.520283221947681
0.5047076366385512
0.5047076366385512
0.520283221947681
0.520283221947681
0.5047076366385512
0.5047076366385512
0.5047076366385512
0.5047076366385512
0.5047076366385512
0.520283221947681
0.5047076366385512
0.5047076366385512
0.5047076366385512
0.520283221947681
0.5047076366385512
0.5047076366385512
0.5047076366385512
0.5047076366385512
0.5047076366385512
0.5047076366385512
0.520283221947681
0.520283221947681
0.5047076366385512
0.5047076366385512
0.5047076366385512
0.5047076366385512
0.5047076366385512
0.5047076366385512
0.5047076366385512
0.5047076366385512
0.5047076366385512
0.5047076366385512
0.5047076366385512
0.5047076366385512
0.5047076366385512
0.5047076366385512
0.5047076366385512
0.5047076366385512
0.5047076366385512
0.5047076366385512
0.5047076366385512
0.5047076366385512
0.5047076366385512
0.5047076366385512
0.5047076366385512
0.5047076366385512
0.5047076366385512
0.5047076366385512
0.5047076366385512
0.5047076366385512
0.6497986859570706
0.5047076366385512
0.5047076366385512
0.5047076366385512
0.5047076366385512
0.5047076366385512
0.5047076366385512
0.5047076366385512
0.5047076366385512
0.5047076366385512
0.5047076366385512
0.5047076366385512
0.5047076366385512
0.5047076366385512
0.5047076366385512
0.5047076366385512
0.5047076366385512
0.5047076366385512
0.5047076366385512
0.5047076366385512
0.5047076366385512
0.5047076366385512
0.5047076366385512
0.5047076366385512
0.5047076366385512
0.5047076366385512
0.5047076366385512
0.5047076366385512
0.5047076366385512
0.5047076366385512
0.5047076366385512
0.5047076366385512
0.5047076366385512
0.5095421345429869
0.5047076366385512
0.5047076366385512
0.5047076366385512
0.5047076366385512
0.5047076366385512
0.5047076366385512
0.5047076366385512
0.5047076366385512
0.5047076366385512
0.7746442084093479
0.5047076366385512
0.5047076366385512
0.5047076366385512
0.5047076366385512
0.5047076366385512
0.5047076366385512
0.5047076366385512
0.5047076366385512
0.5047076366385512
0.5047076366385512
0.5047076366385512
0.5047076366385512
0.5047076366385512
0.5047076366385512
0.5047076366385512
0.5047076366385512
0.5047076366385512
0.5047076366385512
0.5047076366385512
0.5047076366385512
0.5047076366385512
0.5047076366385512
0.5047076366385512
0.5047076366385512
0.5047076366385512
0.5047076366385512
0.5047076366385512
0.5047076366385512
0.5047076366385512
0.5047076366385512
0.5047076366385512
0.5047076366385512
0.5047076366385512
0.5047076366385512
0.5047076366385512
0.5047076366385512
0.5222053664718859
0.5047076366385512
0.5047076366385512
0.5047076366385512
0.5047076366385512
0.5047076366385512
0.5047076366385512
0.5047076366385512
0.5047076366385512
0.5047076366385512
0.5047076366385512
0.5047076366385512
0.5047076366385512
0.5047076366385512
0.5047076366385512
0.5047076366385512
0.5047076366385512
0.5047076366385512
0.5047076366385512
0.5047076366385512
0.5047076366385512
0.5047076366385512
0.5047076366385512
0.5047076366385512
0.5047076366385512
0.5047076366385512
0.5047076366385512
0.5047076366385512
0.5047076366385512
0.5047076366385512
0.5047076366385512
0.5047076366385512
0.5047076366385512
0.5047076366385512
0.5047076366385512
0.5047076366385512
0.5047076366385512
0.5047076366385512
0.5047076366385512
0.5047076366385512
0.5047076366385512
0.5047076366385512
0.5047076366385512
0.5047076366385512
0.5047076366385512
0.5047076366385512
0.5047076366385512
0.5047076366385512
0.5047076366385512
0.5047076366385512
0.5047076366385512
0.5047076366385512
0.5047076366385512
0.5047076366385512
0.5047076366385512
0.5047076366385512
0.5047076366385512
0.5047076366385512
0.5047076366385512
0.5047076366385512
0.5047076366385512
0.5047076366385512
0.5420658549420438
0.5047076366385512
0.5047076366385512
0.5047076366385512
0.5047076366385512
0.5047076366385512
0.5047076366385512
0.5047076366385512
0.5047076366385512
0.5047076366385512
0.5047076366385512
0.5047076366385512
0.5047076366385512
0.5047076366385512
0.5047076366385512
0.5047076366385512
0.5047076366385512
0.5047076366385512
0.5047076366385512
0.5047076366385512
0.5047076366385512
0.5047076366385512
0.5047076366385512
0.5047076366385512
0.5047076366385512
0.5047076366385512
0.5047076366385512
0.5047076366385512
0.5047076366385512
0.5047076366385512
0.5047076366385512
0.5047076366385512
0.5047076366385512
0.7715515890147142
0.5047076366385512
0.5047076366385512
0.5047076366385512
0.5047076366385512
0.7672410433634842
0.5047076366385512
0.5047076366385512
0.5047076366385512
0.5047076366385512
0.5047076366385512
0.5047076366385512
0.5047076366385512
0.5047076366385512
0.5047076366385512
0.5047076366385512
0.5047076366385512
0.5047076366385512
0.5047076366385512
0.5047076366385512
0.5047076366385512
0.5047076366385512
0.5047076366385512
0.5047076366385512
0.5047076366385512
0.5047076366385512
0.5047076366385512
0.5047076366385512
0.5047076366385512
0.5047076366385512
0.5047076366385512
0.5047076366385512
0.5047076366385512
0.5047076366385512
0.5047076366385512
0.5047076366385512
0.5047076366385512
0.5047076366385512
0.5047076366385512
0.5047076366385512
0.5047076366385512
0.5047076366385512
0.5047076366385512
0.5047076366385512
0.5047076366385512
0.5047076366385512
0.5047076366385512
0.5047076366385512
0.5047076366385512
0.5047076366385512
0.5047076366385512
0.5047076366385512
0.5047076366385512
0.5047076366385512
0.5047076366385512
0.5047076366385512
0.5047076366385512
0.5047076366385512
0.5047076366385512
0.5047076366385512
0.5047076366385512
0.5047076366385512
0.5047076366385512
0.5047076366385512
0.5047076366385512
0.5047076366385512
0.5047076366385512
0.5047076366385512
0.5047076366385512
0.5047076366385512
0.5047076366385512
0.5047076366385512
0.5047076366385512
0.5047076366385512
0.5047076366385512
0.5047076366385512
0.5047076366385512
0.5047076366385512
0.5047076366385512
0.5047076366385512
0.5047076366385512
0.5047076366385512
0.5047076366385512
0.5047076366385512
0.5047076366385512
0.5047076366385512
0.5047076366385512
0.6424149773247816
0.5047076366385512
0.5047076366385512
0.5047076366385512
0.5047076366385512
0.5047076366385512
0.5047076366385512
0.8321136853815174
0.5047076366385512
0.5047076366385512
0.5978815324717308
0.5047076366385512
0.5047076366385512
0.5047076366385512
0.5047076366385512
0.5047076366385512
0.5047076366385512
0.5047076366385512
0.5047076366385512
0.5047076366385512
0.5047076366385512
0.5978815324717308
0.5047076366385512
0.5047076366385512
0.5047076366385512
0.5047076366385512
0.5047076366385512
0.5047076366385512
0.5047076366385512
0.5047076366385512
0.8189654970159925
0.5047076366385512
0.5047076366385512
0.5047076366385512
0.5047076366385512
0.5047076366385512
0.5047076366385512
0.5047076366385512
0.5047076366385512
0.5047076366385512
0.5047076366385512
0.5047076366385512
0.5047076366385512
0.5047076366385512
0.5047076366385512
0.5047076366385512
0.5047076366385512
0.5047076366385512
0.5047076366385512
0.5047076366385512
0.5047076366385512
0.5047076366385512
0.5047076366385512
0.5047076366385512
0.5047076366385512
0.5047076366385512
0.5047076366385512
0.5047076366385512
0.5047076366385512
0.5047076366385512
0.5047076366385512
0.5047076366385512
0.5047076366385512
0.5047076366385512
0.5047076366385512
0.5047076366385512
0.5047076366385512
0.5047076366385512
0.5047076366385512
0.5047076366385512
0.5047076366385512
0.6497986859570706
0.5047076366385512
0.5047076366385512
0.5047076366385512
0.5047076366385512
0.5047076366385512
0.5047076366385512
0.5047076366385512
0.5047076366385512
0.5047076366385512
0.5047076366385512
0.5047076366385512
0.5047076366385512
0.5047076366385512
0.5047076366385512
0.5047076366385512
0.5047076366385512
0.5047076366385512
0.5047076366385512
0.5047076366385512
0.5047076366385512
0.5047076366385512
0.5047076366385512
0.5047076366385512
0.5047076366385512
0.5047076366385512
0.5047076366385512
0.5047076366385512
0.7672410433634842
0.5047076366385512
0.5047076366385512
0.5047076366385512
0.5047076366385512
0.5047076366385512
0.5047076366385512
0.5047076366385512
0.5047076366385512
0.5047076366385512
0.5047076366385512
0.5047076366385512
0.5047076366385512
0.5047076366385512
0.5047076366385512
0.5047076366385512
0.5047076366385512
0.5047076366385512
0.5047076366385512
0.5047076366385512
0.5047076366385512
0.5047076366385512
0.5047076366385512
0.5047076366385512
0.5047076366385512
0.5047076366385512
0.5047076366385512
0.5047076366385512
0.6497986859570706
0.5047076366385512
0.5047076366385512
0.5047076366385512
0.5047076366385512
0.5047076366385512
0.5047076366385512
0.5047076366385512
0.853448082364342
0.5047076366385512
0.5047076366385512
0.5047076366385512
0.5047076366385512
0.5047076366385512
0.5047076366385512
0.5047076366385512
0.5047076366385512
0.5047076366385512
0.5047076366385512
0.5047076366385512
0.5047076366385512
0.5047076366385512
0.5047076366385512
0.5047076366385512
0.5047076366385512
0.5047076366385512
0.6497986859570706
0.5047076366385512
0.5047076366385512
0.5047076366385512
0.5047076366385512
0.5047076366385512
0.5047076366385512
0.5047076366385512
0.5047076366385512
0.5047076366385512
0.5047076366385512
0.5047076366385512
0.5047076366385512
0.5047076366385512
0.5047076366385512
0.5047076366385512
0.5047076366385512
0.5047076366385512
0.5047076366385512
0.5047076366385512
0.5047076366385512
0.7195742000609404
0.5047076366385512
0.5047076366385512
0.5047076366385512
0.5047076366385512
0.5047076366385512
0.5047076366385512
0.5047076366385512
0.5047076366385512
0.5420658549420438
0.5047076366385512
0.5047076366385512
0.5047076366385512
0.5047076366385512
0.5047076366385512
0.5047076366385512
0.5047076366385512
0.5047076366385512
0.5047076366385512
0.5047076366385512
0.5047076366385512
0.5047076366385512
0.5047076366385512
0.5047076366385512
0.5047076366385512
0.5047076366385512
0.5047076366385512
0.5047076366385512
0.5047076366385512
0.5047076366385512
0.5047076366385512
0.5978815324717308
0.5047076366385512
0.5047076366385512
0.5047076366385512
0.5047076366385512
0.5047076366385512
0.5047076366385512
0.5047076366385512
0.5047076366385512
0.5047076366385512
0.5047076366385512
0.5047076366385512
0.5047076366385512
0.5047076366385512
0.5047076366385512
0.5047076366385512
0.5047076366385512
0.5047076366385512
0.5047076366385512
0.5047076366385512
0.5047076366385512
0.5047076366385512
0.5047076366385512
0.5047076366385512
0.5047076366385512
0.5047076366385512
0.5047076366385512
0.5047076366385512
0.5047076366385512
0.5047076366385512
0.5047076366385512
0.5047076366385512
0.5047076366385512
0.5047076366385512
0.5047076366385512
0.5047076366385512
0.5047076366385512
0.5047076366385512
0.5047076366385512
0.5047076366385512
0.5047076366385512
0.5047076366385512
0.5047076366385512
0.5047076366385512
0.5047076366385512
0.5047076366385512
0.5047076366385512
0.5978815324717308
0.5047076366385512
0.5047076366385512
0.5047076366385512
0.5047076366385512
0.5047076366385512
0.5047076366385512
0.5047076366385512
0.5047076366385512
0.5047076366385512
0.5047076366385512
0.5047076366385512
0.5047076366385512
0.5047076366385512
0.5222053664718859
0.5047076366385512
0.5047076366385512
0.5047076366385512
0.5047076366385512
0.5047076366385512
0.5047076366385512
0.5047076366385512
0.5047076366385512
0.5047076366385512
0.5047076366385512
0.5047076366385512
0.5047076366385512
0.5047076366385512
0.5047076366385512
0.5047076366385512
0.5047076366385512
0.5047076366385512
0.5047076366385512
0.5047076366385512
0.5047076366385512
0.5047076366385512
0.5222053664718859
0.5047076366385512
0.5047076366385512
0.5047076366385512
0.5047076366385512
0.5047076366385512
0.5047076366385512
0.5978815324717308
0.5047076366385512
0.5047076366385512
0.7195742000609404
0.5047076366385512
0.5047076366385512
0.5047076366385512
0.5047076366385512
0.5047076366385512
0.5047076366385512
0.5047076366385512
0.5047076366385512
0.5047076366385512
0.5047076366385512
0.5047076366385512
0.5047076366385512
0.5047076366385512
0.5047076366385512
0.5047076366385512
0.5047076366385512
0.5047076366385512
0.5047076366385512
0.5047076366385512
0.5047076366385512
0.5047076366385512
0.5047076366385512
0.5047076366385512
0.5095421345429869
0.5047076366385512
0.5047076366385512
0.5047076366385512
0.5047076366385512
0.5047076366385512
0.5047076366385512
0.5047076366385512
0.5047076366385512
0.5047076366385512
0.5047076366385512
0.5047076366385512
0.5047076366385512
0.5047076366385512
0.5047076366385512
0.7672410433634842
0.5047076366385512
0.5047076366385512
0.5047076366385512
0.5047076366385512
0.5047076366385512
0.5047076366385512
0.5047076366385512
0.5047076366385512
0.5047076366385512
0.5047076366385512
0.5047076366385512
0.5047076366385512
0.5047076366385512
0.5047076366385512
0.5047076366385512
0.5047076366385512
0.5047076366385512
0.5047076366385512
0.5047076366385512
0.5047076366385512
0.5047076366385512
0.5047076366385512
0.5047076366385512
0.5047076366385512
0.5047076366385512
0.5047076366385512
0.5047076366385512
0.5047076366385512
0.5047076366385512
0.5047076366385512
0.5047076366385512
0.5047076366385512
0.5047076366385512
0.5047076366385512
0.5047076366385512
0.5047076366385512
0.5047076366385512
0.5047076366385512
0.5047076366385512
0.5047076366385512
0.5047076366385512
0.5047076366385512
0.5047076366385512
0.5047076366385512
0.5047076366385512
0.5047076366385512
0.5047076366385512
0.5047076366385512
0.5047076366385512
0.5047076366385512
0.5047076366385512
0.5047076366385512
0.5047076366385512
0.5047076366385512
0.5047076366385512
0.5047076366385512
0.5047076366385512
0.5047076366385512
0.7672410433634842
0.5047076366385512
0.5047076366385512
0.5047076366385512
0.5047076366385512
0.5047076366385512
0.5047076366385512
0.5047076366385512
0.5047076366385512
0.5047076366385512
0.5047076366385512
0.5047076366385512
0.5047076366385512
0.5047076366385512
0.5047076366385512
0.5047076366385512
0.5047076366385512
0.5047076366385512
0.5047076366385512
0.5047076366385512
0.5047076366385512
0.5047076366385512
0.5047076366385512
0.5047076366385512
0.5047076366385512
0.5047076366385512
0.5047076366385512
0.5047076366385512
0.5047076366385512
0.5047076366385512
0.5047076366385512
0.5047076366385512
0.5047076366385512
0.5047076366385512
0.5047076366385512
0.5047076366385512
0.5047076366385512
0.5047076366385512
0.5047076366385512
0.5047076366385512
0.5047076366385512
0.7413365636201987
0.5047076366385512
0.5047076366385512
0.5047076366385512
0.5047076366385512
0.5047076366385512
0.5047076366385512
0.5047076366385512
0.5047076366385512
0.5047076366385512
0.5047076366385512
0.5047076366385512
0.5047076366385512
0.5047076366385512
0.5047076366385512
0.5047076366385512
0.5047076366385512
0.520283221947681
0.5047076366385512
0.5047076366385512
0.5047076366385512
0.5047076366385512
0.5047076366385512
0.5047076366385512
0.5047076366385512
0.5047076366385512
0.5047076366385512
0.5047076366385512
0.5047076366385512
0.5047076366385512
0.5047076366385512
0.5047076366385512
0.5047076366385512
0.5047076366385512
0.5047076366385512
0.5047076366385512
0.5047076366385512
0.5047076366385512
0.5047076366385512
0.5047076366385512
0.5047076366385512
0.5047076366385512
0.5047076366385512
0.5047076366385512
0.5047076366385512
0.5047076366385512
0.5047076366385512
0.5047076366385512
0.5047076366385512
0.5047076366385512
0.5047076366385512
0.5047076366385512
0.5047076366385512
0.5047076366385512
0.5047076366385512
0.5047076366385512
0.5047076366385512
0.5047076366385512
0.5047076366385512
0.5047076366385512
0.5047076366385512
0.5047076366385512
0.5047076366385512
0.5047076366385512
0.5047076366385512
0.5047076366385512
0.5047076366385512
0.5047076366385512
0.5047076366385512
0.5047076366385512
0.5047076366385512
0.5047076366385512
0.5047076366385512
0.5047076366385512
0.5047076366385512
0.5047076366385512
0.5047076366385512
0.5047076366385512
0.5047076366385512
0.5047076366385512
0.5047076366385512
0.5047076366385512
0.5047076366385512
0.5047076366385512
0.5047076366385512
0.5047076366385512
0.7715515890147142
0.5047076366385512
0.5047076366385512
0.5047076366385512
0.5047076366385512
0.5047076366385512
0.5047076366385512
0.5047076366385512
0.5047076366385512
0.5047076366385512
0.5047076366385512
0.5047076366385512
0.5047076366385512
0.5047076366385512
0.5047076366385512
0.5047076366385512
0.5047076366385512
0.5047076366385512
0.5047076366385512
0.5047076366385512
0.5047076366385512
0.5047076366385512
0.5047076366385512
0.5047076366385512
0.5047076366385512
0.5047076366385512
0.5047076366385512
