0.8193279931425088
0.2896836352042976
0.8193279931425088
0.8997070959400795
0.8848736683087949
0.7023591720098881
0.7023591720098881
0.2896836352042976
0.7777537230649805
0.7023591720098881
0.2882438805619656
0.6749988728808836
0.7038126603819811
0.7038126603819811
0.8997070959400795
0.9399675280262297
0.24617733622505983
0.2896836352042976
0.2896836352042976
0.2600768679926798
0.2834311907583312
0.7038126603819811
0.7777537230649805
0.7038126603819811
0.7777537230649805
0.2896836352042976
0.8575553739496093
0.8575553739496093
0.8997070959400795
0.24617733622505983
0.29441235147711786
0.7777537230649805
0.7038126603819811
0.7038126603819811
0.9399675280262297
0.2834311907583312
0.8193279931425088
0.2896836352042976
0.29441235147711786
0.8575553739496093
0.2834311907583312
0.24617733622505983
0.2896836352042976
0.24617733622505983
0.2314204844969374
0.2896836352042976
0.19757658411491455
0.2882301464656799
0.7777537230649805
0.7023591720098881
0.2834311907583312
0.2834311907583312
0.29441235147711786
0.7777537230649805
0.19757658411491455
0.7777537230649805
0.7023591720098881
0.2834311907583312
0.24617733622505983
0.2834311907583312
0.24617733622505983
0.2896836352042976
0.2896836352042976
0.2834311907583312
0.24407429568572567
0.7038126603819811
0.7038126603819811
0.2882301464656799
0.7038126603819811
0.2882438805619656
0.2896836352042976
0.5269618508780409
0.2896836352042976
0.2896836352042976
0.2896836352042976
0.2896836352042976
0.2896836352042976
0.2896836352042976
0.2896836352042976
0.29441235147711786
0.2834311907583312
0.19757658411491455
0.19757658411491455
0.24617733622505983
0.24617733622505983
0.19757658411491455
0.19757658411491455
0.5367359462792946
0.2834311907583312
0.2834311907583312
0.5269618508780409
0.2896836352042976
0.19757658411491455
0.19757658411491455
0.2882301464656799
0.7023591720098881
0.2834311907583312
0.2314204844969374
0.2834311907583312
0.24617733622505983
0.2896836352042976
0.2314204844969374
0.24617733622505983
0.2882438805619656
0.19757658411491455
0.24617733622505983
0.2834311907583312
0.7038126603819811
0.24617733622505983
0.2834311907583312
0.24407429568572567
0.2896836352042976
0.2882301464656799
0.7038126603819811
0.24617733622505983
0.29441235147711786
0.24617733622505983
0.19757658411491455
0.2834311907583312
0.19757658411491455
0.19757658411491455
0.19757658411491455
0.19757658411491455
0.24617733622505983
0.24407429568572567
0.2834311907583312
0.2314204844969374
0.19757658411491455
0.24617733622505983
0.19757658411491455
0.24617733622505983
0.19757658411491455
0.24617733622505983
0.23864865929350723
0.19757658411491455
0.19757658411491455
0.19757658411491455
0.2834311907583312
0.2314204844969374
0.19757658411491455
0.19757658411491455
0.24407429568572567
0.19757658411491455
0.24617733622505983
0.24617733622505983
0.19757658411491455
0.19757658411491455
0.19757658411491455
0.24617733622505983
0.24407429568572567
0.24407429568572567
0.24617733622505983
0.19757658411491455
0.19757658411491455
0.24617733622505983
0.19757658411491455
0.2834311907583312
0.19757658411491455
0.19757658411491455
0.2314204844969374
0.19757658411491455
0.24407429568572567
0.19757658411491455
0.19757658411491455
0.19757658411491455
0.19757658411491455
0.19757658411491455
0.19757658411491455
0.19757658411491455
0.24617733622505983
0.24617733622505983
0.19757658411491455
0.19757658411491455
0.24617733622505983
0.19757658411491455
0.19757658411491455
0.19757658411491455
0.19757658411491455
0.19757658411491455
0.19757658411491455
0.19757658411491455
0.19757658411491455
0.2882438805619656
0.19757658411491455
0.5255083625059478
0.2314204844969374
0.19757658411491455
0.19757658411491455
0.19757658411491455
0.2314204844969374
0.19757658411491455
0.19757658411491455
0.19757658411491455
0.24617733622505983
0.19757658411491455
0.19757658411491455
0.19757658411491455
0.19757658411491455
0.19757658411491455
0.19757658411491455
0.19757658411491455
0.19757658411491455
0.19757658411491455
0.19757658411491455
0.19757658411491455
0.19757658411491455
0.19757658411491455
0.19757658411491455
0.19757658411491455
0.19757658411491455
0.19757658411491455
0.19757658411491455
0.19757658411491455
0.19757658411491455
0.19757658411491455
0.19757658411491455
0.19757658411491455
0.19757658411491455
0.19757658411491455
0.19757658411491455
0.2314204844969374
0.19757658411491455
0.19757658411491455
0.19757658411491455
0.19757658411491455
0.24617733622505983
0.19757658411491455
0.19757658411491455
0.19757658411491455
0.19757658411491455
0.19757658411491455
0.19757658411491455
0.19757658411491455
0.19757658411491455
0.19757658411491455
0.19757658411491455
0.19757658411491455
0.19757658411491455
0.19757658411491455
0.19757658411491455
0.19757658411491455
0.19757658411491455
0.19757658411491455
0.19757658411491455
0.19757658411491455
0.19757658411491455
0.19757658411491455
0.19757658411491455
0.19757658411491455
0.19757658411491455
0.19757658411491455
0.19757658411491455
0.19757658411491455
0.19757658411491455
0.19757658411491455
0.19757658411491455
0.19757658411491455
0.19757658411491455
0.19757658411491455
0.19757658411491455
0.24617733622505983
0.19757658411491455
0.19757658411491455
0.19757658411491455
0.19757658411491455
0.19757658411491455
0.19757658411491455
0.19757658411491455
0.19757658411491455
0.19757658411491455
0.19757658411491455
0.19757658411491455
0.19757658411491455
0.19757658411491455
0.19757658411491455
0.19757658411491455
0.19757658411491455
0.19757658411491455
0.19757658411491455
0.19757658411491455
0.19757658411491455
0.19757658411491455
0.19757658411491455
0.19757658411491455
0.19757658411491455
0.19757658411491455
0.19757658411491455
0.19757658411491455
0.19757658411491455
0.19757658411491455
0.19757658411491455
0.19757658411491455
0.19757658411491455
0.19757658411491455
0.19757658411491455
0.19757658411491455
0.19757658411491455
0.19757658411491455
0.19757658411491455
0.24617733622505983
0.19757658411491455
0.19757658411491455
0.19757658411491455
0.19757658411491455
0.19757658411491455
0.19757658411491455
0.19757658411491455
0.19757658411491455
0.19757658411491455
0.19757658411491455
0.19757658411491455
0.19757658411491455
0.19757658411491455
0.19757658411491455
0.19757658411491455
0.19757658411491455
0.19757658411491455
0.19757658411491455
0.19757658411491455
0.19757658411491455
0.19757658411491455
0.19757658411491455
0.19757658411491455
0.19757658411491455
0.19757658411491455
0.19757658411491455
0.19757658411491455
0.2600768679926798
0.19757658411491455
0.19757658411491455
0.19757658411491455
0.19757658411491455
0.19757658411491455
0.19757658411491455
0.19757658411491455
0.19757658411491455
0.19757658411491455
0.19757658411491455
0.19757658411491455
0.19757658411491455
0.19757658411491455
0.19757658411491455
0.19757658411491455
0.19757658411491455
0.19757658411491455
0.19757658411491455
0.19757658411491455
0.19757658411491455
0.19757658411491455
0.19757658411491455
0.19757658411491455
0.19757658411491455
0.19757658411491455
0.19757658411491455
0.19757658411491455
0.19757658411491455
0.19757658411491455
0.19757658411491455
0.19757658411491455
0.19757658411491455
0.19757658411491455
0.19757658411491455
0.19757658411491455
0.19757658411491455
0.24617733622505983
0.19757658411491455
0.19757658411491455
0.19757658411491455
0.19757658411491455
0.19757658411491455
0.19757658411491455
0.19757658411491455
0.19757658411491455
0.19757658411491455
0.19757658411491455
0.19757658411491455
0.19757658411491455
0.19757658411491455
0.19757658411491455
0.19757658411491455
0.19757658411491455
0.19757658411491455
0.19757658411491455
0.19757658411491455
0.19757658411491455
0.19757658411491455
0.19757658411491455
0.19757658411491455
0.19757658411491455
0.19757658411491455
0.19757658411491455
0.19757658411491455
0.19757658411491455
0.19757658411491455
0.19757658411491455
0.19757658411491455
0.19757658411491455
0.19757658411491455
0.19757658411491455
0.19757658411491455
0.19757658411491455
0.19757658411491455
0.19757658411491455
0.19757658411491455
0.19757658411491455
0.19757658411491455
0.19757658411491455
0.19757658411491455
0.2121114678358448
0.19757658411491455
0.19757658411491455
0.19757658411491455
0.19757658411491455
0.19757658411491455
0.19757658411491455
0.2600768679926798
0.19757658411491455
0.19757658411491455
0.19757658411491455
0.19757658411491455
0.19757658411491455
0.19757658411491455
0.19757658411491455
0.19757658411491455
0.19757658411491455
0.19757658411491455
0.19757658411491455
0.19757658411491455
0.19757658411491455
0.19757658411491455
0.19757658411491455
0.19757658411491455
0.19757658411491455
0.19757658411491455
0.19757658411491455
0.19757658411491455
0.19757658411491455
0.19757658411491455
0.19757658411491455
0.19757658411491455
0.19757658411491455
0.19757658411491455
0.19757658411491455
0.19757658411491455
0.19757658411491455
0.19757658411491455
0.19757658411491455
0.19757658411491455
0.19757658411491455
0.19757658411491455
0.19757658411491455
0.19757658411491455
0.19757658411491455
0.19757658411491455
0.19757658411491455
0.19757658411491455
0.19757658411491455
0.19757658411491455
0.19757658411491455
0.19757658411491455
0.19757658411491455
0.19757658411491455
0.19757658411491455
0.19757658411491455
0.19757658411491455
0.19757658411491455
0.19757658411491455
0.19757658411491455
0.19757658411491455
0.19757658411491455
0.19757658411491455
0.7963047577013092
0.19757658411491455
0.19757658411491455
0.19757658411491455
0.19757658411491455
0.19757658411491455
0.19757658411491455
0.19757658411491455
0.19757658411491455
0.19757658411491455
0.19757658411491455
0.19757658411491455
0.19757658411491455
0.19757658411491455
0.19757658411491455
0.19757658411491455
0.19757658411491455
0.19757658411491455
0.19757658411491455
0.19757658411491455
0.19757658411491455
0.19757658411491455
0.19757658411491455
0.19757658411491455
0.19757658411491455
0.19757658411491455
0.19757658411491455
0.19757658411491455
0.19757658411491455
0.19757658411491455
0.19757658411491455
0.19757658411491455
0.19757658411491455
0.19757658411491455
0.19757658411491455
0.19757658411491455
0.19757658411491455
0.24617733622505983
0.19757658411491455
0.19757658411491455
0.2121114678358448
0.19757658411491455
0.19757658411491455
0.19757658411491455
0.19757658411491455
0.19757658411491455
0.19757658411491455
0.19757658411491455
0.19757658411491455
0.19757658411491455
0.19757658411491455
0.19757658411491455
0.19757658411491455
0.19757658411491455
0.19757658411491455
0.19757658411491455
0.19757658411491455
0.19757658411491455
0.19757658411491455
0.19757658411491455
0.19757658411491455
0.19757658411491455
0.19757658411491455
0.19757658411491455
0.19757658411491455
0.19757658411491455
0.19757658411491455
0.19757658411491455
0.19757658411491455
0.19757658411491455
0.19757658411491455
0.19757658411491455
0.19757658411491455
0.19757658411491455
0.19757658411491455
0.19757658411491455
0.19757658411491455
0.19757658411491455
0.19757658411491455
0.19757658411491455
0.19757658411491455
0.19757658411491455
0.19757658411491455
0.19757658411491455
0.19757658411491455
0.19757658411491455
0.19757658411491455
0.19757658411491455
0.19757658411491455
0.19757658411491455
0.19757658411491455
0.19757658411491455
0.19757658411491455
0.19757658411491455
0.19757658411491455
0.19757658411491455
0.19757658411491455
0.19757658411491455
0.19757658411491455
0.5269618508780409
0.19757658411491455
0.19757658411491455
0.19757658411491455
0.19757658411491455
0.19757658411491455
0.19757658411491455
0.19757658411491455
0.19757658411491455
0.19757658411491455
0.19757658411491455
0.19757658411491455
0.19757658411491455
0.19757658411491455
0.19757658411491455
0.19757658411491455
0.19757658411491455
0.19757658411491455
0.19757658411491455
0.19757658411491455
0.2600768679926798
0.19757658411491455
0.19757658411491455
0.19757658411491455
0.19757658411491455
0.19757658411491455
0.19757658411491455
0.19757658411491455
0.19757658411491455
0.19757658411491455
0.19757658411491455
0.19757658411491455
0.19757658411491455
0.24617733622505983
0.19757658411491455
0.19757658411491455
0.19757658411491455
0.19757658411491455
0.2314204844969374
0.19757658411491455
0.19757658411491455
0.19757658411491455
0.19757658411491455
0.19757658411491455
0.19757658411491455
0.19757658411491455
0.19757658411491455
0.19757658411491455
0.19757658411491455
0.19757658411491455
0.19757658411491455
0.19757658411491455
0.19757658411491455
0.19757658411491455
0.19757658411491455
0.19757658411491455
0.19757658411491455
0.19757658411491455
0.19757658411491455
0.19757658411491455
0.19757658411491455
0.19757658411491455
0.19757658411491455
0.19757658411491455
0.19757658411491455
0.19757658411491455
0.19757658411491455
0.19757658411491455
0.19757658411491455
0.19757658411491455
0.19757658411491455
0.19757658411491455
0.19757658411491455
0.19757658411491455
0.19757658411491455
0.19757658411491455
0.19757658411491455
0.19757658411491455
0.19757658411491455
0.19757658411491455
0.19757658411491455
0.19757658411491455
0.19757658411491455
0.2600768679926798
0.19757658411491455
0.19757658411491455
0.19757658411491455
0.19757658411491455
0.19757658411491455
0.19757658411491455
0.19757658411491455
0.19757658411491455
0.19757658411491455
0.19757658411491455
0.19757658411491455
0.19757658411491455
0.19757658411491455
0.19757658411491455
0.19757658411491455
0.19757658411491455
0.19757658411491455
0.19757658411491455
0.19757658411491455
0.19757658411491455
0.19757658411491455
0.19757658411491455
0.19757658411491455
0.19757658411491455
0.19757658411491455
0.19757658411491455
0.19757658411491455
0.19757658411491455
0.19757658411491455
0.19757658411491455
0.19757658411491455
0.19757658411491455
0.19757658411491455
0.19757658411491455
0.19757658411491455
0.19757658411491455
0.7023591720098881
0.19757658411491455
0.19757658411491455
0.19757658411491455
0.19757658411491455
0.19757658411491455
0.19757658411491455
0.8997070959400795
0.19757658411491455
0.19757658411491455
0.24617733622505983
0.19757658411491455
0.19757658411491455
0.19757658411491455
0.19757658411491455
0.19757658411491455
0.19757658411491455
0.19757658411491455
0.19757658411491455
0.19757658411491455
0.19757658411491455
0.24617733622505983
0.19757658411491455
0.19757658411491455
0.19757658411491455
0.19757658411491455
0.19757658411491455
0.19757658411491455
0.19757658411491455
0.19757658411491455
0.2834311907583312
0.19757658411491455
0.19757658411491455
0.19757658411491455
0.19757658411491455
0.19757658411491455
0.19757658411491455
0.19757658411491455
0.19757658411491455
0.19757658411491455
0.19757658411491455
0.19757658411491455
0.19757658411491455
0.19757658411491455
0.19757658411491455
0.19757658411491455
0.19757658411491455
0.19757658411491455
0.19757658411491455
0.19757658411491455
0.19757658411491455
0.19757658411491455
0.19757658411491455
0.19757658411491455
0.19757658411491455
0.19757658411491455
0.19757658411491455
0.19757658411491455
0.19757658411491455
0.19757658411491455
0.19757658411491455
0.19757658411491455
0.19757658411491455
0.19757658411491455
0.19757658411491455
0.19757658411491455
0.19757658411491455
0.19757658411491455
0.19757658411491455
0.19757658411491455
0.19757658411491455
0.19757658411491455
0.19757658411491455
0.19757658411491455
0.19757658411491455
0.19757658411491455
0.19757658411491455
0.19757658411491455
0.19757658411491455
0.19757658411491455
0.19757658411491455
0.19757658411491455
0.19757658411491455
0.19757658411491455
0.19757658411491455
0.19757658411491455
0.19757658411491455
0.19757658411491455
0.19757658411491455
0.19757658411491455
0.19757658411491455
0.19757658411491455
0.19757658411491455
0.19757658411491455
0.19757658411491455
0.19757658411491455
0.19757658411491455
0.19757658411491455
0.19757658411491455
0.2314204844969374
0.19757658411491455
0.19757658411491455
0.19757658411491455
0.19757658411491455
0.19757658411491455
0.19757658411491455
0.19757658411491455
0.19757658411491455
0.19757658411491455
0.19757658411491455
0.19757658411491455
0.19757658411491455
0.19757658411491455
0.19757658411491455
0.19757658411491455
0.19757658411491455
0.19757658411491455
0.19757658411491455
0.19757658411491455
0.19757658411491455
0.19757658411491455
0.19757658411491455
0.19757658411491455
0.19757658411491455
0.19757658411491455
0.19757658411491455
0.19757658411491455
0.19757658411491455
0.19757658411491455
0.19757658411491455
0.19757658411491455
0.19757658411491455
0.19757658411491455
0.19757658411491455
0.19757658411491455
0.5367359462792946
0.19757658411491455
0.19757658411491455
0.19757658411491455
0.19757658411491455
0.19757658411491455
0.19757658411491455
0.19757658411491455
0.19757658411491455
0.19757658411491455
0.19757658411491455
0.19757658411491455
0.19757658411491455
0.19757658411491455
0.19757658411491455
0.19757658411491455
0.19757658411491455
0.19757658411491455
0.19757658411491455
0.19757658411491455
0.19757658411491455
0.19757658411491455
0.19757658411491455
0.19757658411491455
0.19757658411491455
0.19757658411491455
0.19757658411491455
0.19757658411491455
0.19757658411491455
0.19757658411491455
0.19757658411491455
0.19757658411491455
0.19757658411491455
0.19757658411491455
0.19757658411491455
0.19757658411491455
0.19757658411491455
0.19757658411491455
0.19757658411491455
0.19757658411491455
0.19757658411491455
0.19757658411491455
0.19757658411491455
0.19757658411491455
0.19757658411491455
0.19757658411491455
0.19757658411491455
0.19757658411491455
0.5269618508780409
0.19757658411491455
0.19757658411491455
0.19757658411491455
0.19757658411491455
0.19757658411491455
0.19757658411491455
0.19757658411491455
0.19757658411491455
0.19757658411491455
0.19757658411491455
0.19757658411491455
0.19757658411491455
0.19757658411491455
0.19757658411491455
0.19757658411491455
0.19757658411491455
0.19757658411491455
0.19757658411491455
0.19757658411491455
0.19757658411491455
0.19757658411491455
0.24617733622505983
0.19757658411491455
0.19757658411491455
0.19757658411491455
0.19757658411491455
0.19757658411491455
0.19757658411491455
0.19757658411491455
0.19757658411491455
0.19757658411491455
0.19757658411491455
0.19757658411491455
0.19757658411491455
0.19757658411491455
0.19757658411491455
0.19757658411491455
0.2600768679926798
0.19757658411491455
0.19757658411491455
0.19757658411491455
0.19757658411491455
0.19757658411491455
0.19757658411491455
0.19757658411491455
0.19757658411491455
0.19757658411491455
0.19757658411491455
0.19757658411491455
0.19757658411491455
0.19757658411491455
0.19757658411491455
0.19757658411491455
0.19757658411491455
0.19757658411491455
0.19757658411491455
0.19757658411491455
0.19757658411491455
0.19757658411491455
0.19757658411491455
0.19757658411491455
0.19757658411491455
0.19757658411491455
0.19757658411491455
0.19757658411491455
0.19757658411491455
0.19757658411491455
0.19757658411491455
0.24617733622505983
0.19757658411491455
0.19757658411491455
0.19757658411491455
0.19757658411491455
0.19757658411491455
0.19757658411491455
0.19757658411491455
0.19757658411491455
0.19757658411491455
0.19757658411491455
0.19757658411491455
0.19757658411491455
0.19757658411491455
0.24617733622505983
0.19757658411491455
0.19757658411491455
0.19757658411491455
0.19757658411491455
0.19757658411491455
0.19757658411491455
0.19757658411491455
0.19757658411491455
0.19757658411491455
0.19757658411491455
0.19757658411491455
0.19757658411491455
0.19757658411491455
0.19757658411491455
0.19757658411491455
0.19757658411491455
0.19757658411491455
0.19757658411491455
0.19757658411491455
0.19757658411491455
0.19757658411491455
0.19757658411491455
0.24617733622505983
0.19757658411491455
0.19757658411491455
0.19757658411491455
0.19757658411491455
0.19757658411491455
0.24617733622505983
0.19757658411491455
0.19757658411491455
0.19757658411491455
0.19757658411491455
0.19757658411491455
0.19757658411491455
0.19757658411491455
0.19757658411491455
0.19757658411491455
0.19757658411491455
0.19757658411491455
0.19757658411491455
0.19757658411491455
0.19757658411491455
0.19757658411491455
0.19757658411491455
0.19757658411491455
0.19757658411491455
0.19757658411491455
0.19757658411491455
0.19757658411491455
0.19757658411491455
0.19757658411491455
0.19757658411491455
0.19757658411491455
0.19757658411491455
0.19757658411491455
0.19757658411491455
0.19757658411491455
0.19757658411491455
0.19757658411491455
0.19757658411491455
0.19757658411491455
0.19757658411491455
0.19757658411491455
0.19757658411491455
0.19757658411491455
0.19757658411491455
0.19757658411491455
0.19757658411491455
0.19757658411491455
0.2314204844969374
0.19757658411491455
0.19757658411491455
0.19757658411491455
0.19757658411491455
0.19757658411491455
0.19757658411491455
0.19757658411491455
0.19757658411491455
0.19757658411491455
0.19757658411491455
0.19757658411491455
0.19757658411491455
0.19757658411491455
0.19757658411491455
0.19757658411491455
0.19757658411491455
0.19757658411491455
0.19757658411491455
0.19757658411491455
0.19757658411491455
0.19757658411491455
0.19757658411491455
0.19757658411491455
0.19757658411491455
0.19757658411491455
0.19757658411491455
0.19757658411491455
0.19757658411491455
0.19757658411491455
0.19757658411491455
0.19757658411491455
0.19757658411491455
0.19757658411491455
0.19757658411491455
0.19757658411491455
0.19757658411491455
0.19757658411491455
0.19757658411491455
0.19757658411491455
0.19757658411491455
0.19757658411491455
0.19757658411491455
0.19757658411491455
0.19757658411491455
0.19757658411491455
0.19757658411491455
0.19757658411491455
0.19757658411491455
0.19757658411491455
0.2600768679926798
0.19757658411491455
0.19757658411491455
0.19757658411491455
0.19757658411491455
0.19757658411491455
0.19757658411491455
0.19757658411491455
0.19757658411491455
0.2314204844969374
0.19757658411491455
0.19757658411491455
0.19757658411491455
0.19757658411491455
0.19757658411491455
0.19757658411491455
0.19757658411491455
0.19757658411491455
0.19757658411491455
0.19757658411491455
0.19757658411491455
0.19757658411491455
0.19757658411491455
0.19757658411491455
0.19757658411491455
0.19757658411491455
0.19757658411491455
0.19757658411491455
0.19757658411491455
0.19757658411491455
0.19757658411491455
0.19757658411491455
0.19757658411491455
0.19757658411491455
0.19757658411491455
0.19757658411491455
0.19757658411491455
0.19757658411491455
0.19757658411491455
0.19757658411491455
0.19757658411491455
0.19757658411491455
0.19757658411491455
0.19757658411491455
0.19757658411491455
0.19757658411491455
0.19757658411491455
0.19757658411491455
0.19757658411491455
0.19757658411491455
0.2314204844969374
0.19757658411491455
0.19757658411491455
0.19757658411491455
0.19757658411491455
0.19757658411491455
0.19757658411491455
0.19757658411491455
0.19757658411491455
0.19757658411491455
0.19757658411491455
0.19757658411491455
0.19757658411491455
0.19757658411491455
0.19757658411491455
0.19757658411491455
0.19757658411491455
0.5255083625059478
0.19757658411491455
0.19757658411491455
0.19757658411491455
0.19757658411491455
0.19757658411491455
0.19757658411491455
0.19757658411491455
0.19757658411491455
0.19757658411491455
0.19757658411491455
0.19757658411491455
0.19757658411491455
0.19757658411491455
0.19757658411491455
0.19757658411491455
0.19757658411491455
0.19757658411491455
0.19757658411491455
0.19757658411491455
0.19757658411491455
0.19757658411491455
0.19757658411491455
0.19757658411491455
0.19757658411491455
0.19757658411491455
0.19757658411491455
0.19757658411491455
0.19757658411491455
0.19757658411491455
0.19757658411491455
0.19757658411491455
0.19757658411491455
0.19757658411491455
0.19757658411491455
0.19757658411491455
0.19757658411491455
0.19757658411491455
0.19757658411491455
0.19757658411491455
0.19757658411491455
0.19757658411491455
0.19757658411491455
0.19757658411491455
0.19757658411491455
0.19757658411491455
0.19757658411491455
0.19757658411491455
0.19757658411491455
0.19757658411491455
0.19757658411491455
0.19757658411491455
0.19757658411491455
0.19757658411491455
0.19757658411491455
0.19757658411491455
0.19757658411491455
0.19757658411491455
0.19757658411491455
0.19757658411491455
0.19757658411491455
0.19757658411491455
0.19757658411491455
0.19757658411491455
0.19757658411491455
0.19757658411491455
0.19757658411491455
0.19757658411491455
0.19757658411491455
0.24617733622505983
0.19757658411491455
0.19757658411491455
0.19757658411491455
0.19757658411491455
0.19757658411491455
0.19757658411491455
0.19757658411491455
0.19757658411491455
0.19757658411491455
0.19757658411491455
0.19757658411491455
0.19757658411491455
0.19757658411491455
0.19757658411491455
0.19757658411491455
0.19757658411491455
0.19757658411491455
0.19757658411491455
0.19757658411491455
0.19757658411491455
0.19757658411491455
0.19757658411491455
0.19757658411491455
0.19757658411491455
0.19757658411491455
0.19757658411491455
