0.35921490936805994
0.3488498994314858
0.20036897596593534
0.3069280792352262
0.2605064557379188
0.31476970210547733
0.34704398842195616
0.24082597865197633
0.3886530855115015
0.241407687975021
0.3318195626554134
0.2021299683109116
0.22969181792507204
0.24082597865197633
0.22615438282588562
0.275674147625295
0.20700781016096162
0.23969871601965806
0.25580725206021604
0.22858123911825734
0.24552518232967907
0.22969181792507204
0.25334214027383894
0.1856581918212944
0.2021299683109116
0.22858123911825734
0.25580725206021604
0.22969181792507204
0.20700781016096162
0.22969181792507204
0.22615438282588562
0.20036897596593534
0.25580725206021604
0.23969871601965806
0.21016443166111434
0.24552518232967907
0.31476970210547733
0.2605064557379188
0.241711661016185
0.18954172568851654
0.2021299683109116
0.1856581918212944
0.2217016273080131
0.1856581918212944
0.20036897596593534
0.22969181792507204
0.22817615663378885
0.1856581918212944
0.20036897596593534
0.22969181792507204
0.22969181792507204
0.1853877025576956
0.1763596684502758
0.21603584426838146
0.2306706819122382
0.15917464673182458
0.20700781016096162
0.18954172568851654
0.23734224321992106
0.15491329801526071
0.1856581918212944
0.1856581918212944
0.14419337332358484
0.19145931896120474
0.22969181792507204
0.20048735306862453
0.1763596684502758
0.1853877025576956
0.20036897596593534
0.1763596684502758
0.18096577243251172
0.1676019040068195
0.15491329801526071
0.20036897596593534
0.23720419074120866
0.13503030250520323
0.15917464673182458
0.1856581918212944
0.1853877025576956
0.2021299683109116
0.13503030250520323
0.13503030250520323
0.1676019040068195
0.15491329801526071
0.1763596684502758
0.14419337332358484
0.1853877025576956
0.1763596684502758
0.11379351776416323
0.20340643146499354
0.12877479117240292
0.18292146447743757
0.1676019040068195
0.14419337332358484
0.1853877025576956
0.1853877025576956
0.22782082146512153
0.12158486574314596
0.17605365702372128
0.1449585381672613
0.13503030250520323
0.1763596684502758
0.14131459328941726
0.1676019040068195
0.12158486574314596
0.13503030250520323
0.13503030250520323
0.1676019040068195
0.11379351776416323
0.1853877025576956
0.15491329801526071
0.11379351776416323
0.14419337332358484
0.1676019040068195
0.2292952791449126
0.1853877025576956
0.14419337332358484
0.13503030250520323
0.12877479117240292
0.12158486574314596
0.13503030250520323
0.13503030250520323
0.11379351776416323
0.15917464673182458
0.15491329801526071
0.12158486574314596
0.12158486574314596
0.12158486574314596
0.17605365702372128
0.1676019040068195
0.12877479117240292
0.12158486574314596
0.13503030250520323
0.12158486574314596
0.14131459328941726
0.12877479117240292
0.13503030250520323
0.13503030250520323
0.13503030250520323
0.12877479117240292
0.13503030250520323
0.12158486574314596
0.12158486574314596
0.12877479117240292
0.11379351776416323
0.13503030250520323
0.12158486574314596
0.12158486574314596
0.13503030250520323
0.12158486574314596
0.12158486574314596
0.12158486574314596
0.12158486574314596
0.13503030250520323
0.13503030250520323
0.12158486574314596
0.11379351776416323
0.12158486574314596
0.11379351776416323
0.12877479117240292
0.12158486574314596
0.12158486574314596
0.11379351776416323
0.12158486574314596
0.11379351776416323
0.12158486574314596
0.11379351776416323
0.12158486574314596
0.12158486574314596
0.11379351776416323
0.12158486574314596
0.11379351776416323
0.12158486574314596
0.11379351776416323
0.12158486574314596
0.12158486574314596
0.11379351776416323
0.12158486574314596
0.12158486574314596
0.12158486574314596
0.12158486574314596
0.11379351776416323
0.11379351776416323
0.11379351776416323
0.11379351776416323
0.12158486574314596
0.12158486574314596
0.12158486574314596
0.11379351776416323
0.12158486574314596
0.11192085858813326
0.11379351776416323
0.12158486574314596
0.11379351776416323
0.11379351776416323
0.12158486574314596
0.11379351776416323
0.11379351776416323
0.12158486574314596
0.11379351776416323
0.11379351776416323
0.11379351776416323
0.11379351776416323
0.11379351776416323
0.11379351776416323
0.11379351776416323
0.11379351776416323
0.11379351776416323
0.11192085858813326
0.11379351776416323
0.11192085858813326
0.11379351776416323
0.11379351776416323
0.11379351776416323
0.12158486574314596
0.11379351776416323
0.11379351776416323
0.11192085858813326
0.11379351776416323
0.11379351776416323
0.11192085858813326
0.11192085858813326
0.11379351776416323
0.11379351776416323
0.11192085858813326
0.11192085858813326
0.11192085858813326
0.11192085858813326
0.11379351776416323
0.11192085858813326
0.11379351776416323
0.11379351776416323
0.11192085858813326
0.14419337332358484
0.11379351776416323
0.11379351776416323
0.11379351776416323
0.11192085858813326
0.11379351776416323
0.12158486574314596
0.11192085858813326
0.11192085858813326
0.11192085858813326
0.11379351776416323
0.11192085858813326
0.11192085858813326
0.11192085858813326
0.11192085858813326
0.11192085858813326
0.11192085858813326
0.11192085858813326
0.11192085858813326
0.11379351776416323
0.11192085858813326
0.11192085858813326
0.11192085858813326
0.11192085858813326
0.11379351776416323
0.11192085858813326
0.11192085858813326
0.11192085858813326
0.11192085858813326
0.11192085858813326
0.11192085858813326
0.11192085858813326
0.11192085858813326
0.11192085858813326
0.11192085858813326
0.11192085858813326
0.11192085858813326
0.11192085858813326
0.11192085858813326
0.11192085858813326
0.11192085858813326
0.11192085858813326
0.11192085858813326
0.11192085858813326
0.11192085858813326
0.11192085858813326
0.11192085858813326
0.11192085858813326
0.11192085858813326
0.11192085858813326
0.12690213199637296
0.11192085858813326
0.11192085858813326
0.11192085858813326
0.11192085858813326
0.11192085858813326
0.11192085858813326
0.11192085858813326
0.11192085858813326
0.11192085858813326
0.11192085858813326
0.11192085858813326
0.11192085858813326
0.11192085858813326
0.11192085858813326
0.11192085858813326
0.11192085858813326
0.11192085858813326
0.11192085858813326
0.11192085858813326
0.11192085858813326
0.11192085858813326
0.11192085858813326
0.11192085858813326
0.11192085858813326
0.11192085858813326
0.11192085858813326
0.11192085858813326
0.11192085858813326
0.11192085858813326
0.11192085858813326
0.11192085858813326
0.11192085858813326
0.11192085858813326
0.11192085858813326
0.11192085858813326
0.11192085858813326
0.11192085858813326
0.11192085858813326
0.11192085858813326
0.11192085858813326
0.11192085858813326
0.11192085858813326
0.11192085858813326
0.11192085858813326
0.11192085858813326
0.11192085858813326
0.11192085858813326
0.11192085858813326
0.11192085858813326
0.11192085858813326
0.11192085858813326
0.11192085858813326
0.11192085858813326
0.11192085858813326
0.11192085858813326
0.11192085858813326
0.11192085858813326
0.11192085858813326
0.11192085858813326
0.11192085858813326
0.11192085858813326
0.11192085858813326
0.11192085858813326
0.11192085858813326
0.11192085858813326
0.11192085858813326
0.11192085858813326
0.11192085858813326
0.11192085858813326
0.11192085858813326
0.11192085858813326
0.11192085858813326
0.11192085858813326
0.11192085858813326
0.11192085858813326
0.11192085858813326
0.11192085858813326
0.11192085858813326
0.11192085858813326
0.11192085858813326
0.25334214027383894
0.11192085858813326
0.11192085858813326
0.11192085858813326
0.11192085858813326
0.11192085858813326
0.11192085858813326
0.11192085858813326
0.11192085858813326
0.11192085858813326
0.11192085858813326
0.11192085858813326
0.11192085858813326
0.11192085858813326
0.11192085858813326
0.11192085858813326
0.11192085858813326
0.11192085858813326
0.11192085858813326
0.11192085858813326
0.11192085858813326
0.11192085858813326
0.11192085858813326
0.11192085858813326
0.11192085858813326
0.11192085858813326
0.11192085858813326
0.11192085858813326
0.11192085858813326
0.11192085858813326
0.11192085858813326
0.11192085858813326
0.11192085858813326
0.11192085858813326
0.11192085858813326
0.11192085858813326
0.11192085858813326
0.11192085858813326
0.11192085858813326
0.11192085858813326
0.11192085858813326
0.11192085858813326
0.11192085858813326
0.11192085858813326
0.1374679014631415
0.11192085858813326
0.11192085858813326
0.11192085858813326
0.11192085858813326
0.11192085858813326
0.11192085858813326
0.11192085858813326
0.11192085858813326
0.11192085858813326
0.11192085858813326
0.11192085858813326
0.11192085858813326
0.11192085858813326
0.11192085858813326
0.11192085858813326
0.11192085858813326
0.11192085858813326
0.11192085858813326
0.11192085858813326
0.11192085858813326
0.11192085858813326
0.11192085858813326
0.11379351776416323
0.11192085858813326
0.11192085858813326
0.11192085858813326
0.11192085858813326
0.11192085858813326
0.11192085858813326
0.11192085858813326
0.11192085858813326
0.11192085858813326
0.11192085858813326
0.11192085858813326
0.11192085858813326
0.11192085858813326
0.11192085858813326
0.11192085858813326
0.11192085858813326
0.11192085858813326
0.11192085858813326
0.11192085858813326
0.11192085858813326
0.11192085858813326
0.11192085858813326
0.11192085858813326
0.11192085858813326
0.11192085858813326
0.11192085858813326
0.11192085858813326
0.11192085858813326
0.11192085858813326
0.11192085858813326
0.11192085858813326
0.11192085858813326
0.11192085858813326
0.11192085858813326
0.11192085858813326
0.11192085858813326
0.11192085858813326
0.11192085858813326
0.11192085858813326
0.11192085858813326
0.11192085858813326
0.11192085858813326
0.11192085858813326
0.11192085858813326
0.11192085858813326
0.11192085858813326
0.11192085858813326
0.11192085858813326
0.11192085858813326
0.11192085858813326
0.11192085858813326
0.11192085858813326
0.11192085858813326
0.11192085858813326
0.11192085858813326
0.11192085858813326
0.11192085858813326
0.11192085858813326
0.11192085858813326
0.11192085858813326
0.11192085858813326
0.11192085858813326
0.11192085858813326
0.11192085858813326
0.11192085858813326
0.11192085858813326
0.11192085858813326
0.11192085858813326
0.11192085858813326
0.11192085858813326
0.11192085858813326
0.11192085858813326
0.11192085858813326
0.11192085858813326
0.11192085858813326
0.11192085858813326
0.11192085858813326
0.11192085858813326
0.11192085858813326
0.11192085858813326
0.11192085858813326
0.11192085858813326
0.11192085858813326
0.11192085858813326
0.11192085858813326
0.11192085858813326
0.11192085858813326
0.11192085858813326
0.11192085858813326
0.11192085858813326
0.11192085858813326
0.11192085858813326
0.11192085858813326
0.11192085858813326
0.11192085858813326
0.11192085858813326
0.11192085858813326
0.11192085858813326
0.11192085858813326
0.11192085858813326
0.11192085858813326
0.11192085858813326
0.11192085858813326
0.11192085858813326
0.11192085858813326
0.11192085858813326
0.11192085858813326
0.11192085858813326
0.11192085858813326
0.11192085858813326
0.11192085858813326
0.11192085858813326
0.11192085858813326
0.11192085858813326
0.11192085858813326
0.11192085858813326
0.11192085858813326
0.11192085858813326
0.11192085858813326
0.11192085858813326
0.11192085858813326
0.11192085858813326
0.11192085858813326
0.11192085858813326
0.11192085858813326
0.11192085858813326
0.11192085858813326
0.11192085858813326
0.11192085858813326
0.11192085858813326
0.11192085858813326
0.11192085858813326
0.11192085858813326
0.11192085858813326
0.11192085858813326
0.11192085858813326
0.12690213199637296
0.11192085858813326
0.11192085858813326
0.11192085858813326
0.11192085858813326
0.122703665163013
0.11192085858813326
0.11192085858813326
0.11192085858813326
0.11192085858813326
0.11192085858813326
0.11192085858813326
0.11192085858813326
0.11192085858813326
0.11192085858813326
0.11192085858813326
0.11192085858813326
0.11192085858813326
0.11192085858813326
0.11192085858813326
0.11192085858813326
0.11192085858813326
0.11192085858813326
0.1122127072319089
0.11192085858813326
0.11192085858813326
0.11192085858813326
0.11192085858813326
0.11192085858813326
0.11192085858813326
0.11379351776416323
0.11192085858813326
0.11192085858813326
0.11192085858813326
0.1374679014631415
0.11192085858813326
0.11192085858813326
0.11192085858813326
0.11192085858813326
0.11192085858813326
0.11192085858813326
0.11192085858813326
0.11192085858813326
0.11192085858813326
0.11192085858813326
0.11192085858813326
0.11192085858813326
0.11192085858813326
0.11192085858813326
0.11192085858813326
0.11192085858813326
0.11192085858813326
0.11192085858813326
0.11192085858813326
0.11192085858813326
0.11192085858813326
0.11192085858813326
0.11192085858813326
0.11192085858813326
0.11192085858813326
0.11192085858813326
0.11192085858813326
0.11192085858813326
0.11192085858813326
0.11192085858813326
0.11192085858813326
0.11192085858813326
0.11192085858813326
0.11192085858813326
0.11192085858813326
0.11192085858813326
0.11192085858813326
0.11192085858813326
0.28335037463518864
0.11192085858813326
0.11192085858813326
0.11192085858813326
0.11192085858813326
0.11192085858813326
0.11192085858813326
0.11192085858813326
0.11192085858813326
0.11192085858813326
0.11192085858813326
0.11192085858813326
0.11192085858813326
0.11192085858813326
0.11192085858813326
0.11192085858813326
0.11192085858813326
0.11192085858813326
0.11192085858813326
0.11192085858813326
0.11192085858813326
0.11192085858813326
0.11192085858813326
0.11192085858813326
0.11192085858813326
0.11192085858813326
0.11192085858813326
0.11192085858813326
0.11192085858813326
0.11192085858813326
0.11192085858813326
0.11192085858813326
0.11192085858813326
0.11192085858813326
0.11192085858813326
0.11192085858813326
0.11192085858813326
0.11192085858813326
0.11192085858813326
0.31476970210547733
0.24552518232967907
0.36129110505507844
0.22969181792507204
0.3886530855115015
0.24082597865197633
0.34968707369440427
0.3886530855115015
0.16193266576389814
0.28906718815501475
0.31476970210547733
0.28971360272478236
0.16789911107697283
0.2256380062921758
0.32639813007566704
0.27016233020321406
0.11192085858813326
0.11192085858813326
0.11192085858813326
0.11192085858813326
0.16193266576389814
0.12690213199637296
0.22969181792507204
0.16789911107697283
0.20526288041688023
0.14036086149818944
0.16789911107697283
0.12696804563556705
0.21176563298608436
0.2575050178226837
0.20347416962571332
0.1857832594371517
0.31476970210547733
0.11192085858813326
0.11192085858813326
0.11192085858813326
0.22969181792507204
0.11192085858813326
0.11192085858813326
0.11192085858813326
0.11192085858813326
0.11192085858813326
0.11192085858813326
0.11192085858813326
0.20526288041688023
0.11192085858813326
0.11192085858813326
0.11192085858813326
0.11192085858813326
0.11192085858813326
0.13756927493735732
0.2292952791449126
0.11192085858813326
0.11192085858813326
0.11192085858813326
0.16193266576389814
0.12696804563556705
0.11192085858813326
0.11192085858813326
0.11192085858813326
0.11192085858813326
0.11192085858813326
0.11192085858813326
0.11192085858813326
0.2116912074747435
0.11192085858813326
0.11192085858813326
0.11192085858813326
0.11192085858813326
0.11192085858813326
0.11192085858813326
0.11192085858813326
0.11192085858813326
0.11192085858813326
0.12690213199637296
0.11192085858813326
0.11192085858813326
0.11192085858813326
0.11192085858813326
0.11192085858813326
0.11192085858813326
0.11192085858813326
0.11192085858813326
0.11192085858813326
0.11192085858813326
0.11192085858813326
0.11192085858813326
0.11192085858813326
0.11192085858813326
0.11192085858813326
0.11192085858813326
0.11192085858813326
0.11192085858813326
0.11192085858813326
0.11192085858813326
0.11192085858813326
0.11192085858813326
0.11192085858813326
0.11192085858813326
0.11192085858813326
0.11192085858813326
0.11192085858813326
0.11192085858813326
0.11192085858813326
0.11192085858813326
0.11192085858813326
0.11192085858813326
0.11192085858813326
0.11192085858813326
0.11192085858813326
0.11192085858813326
0.11192085858813326
0.11192085858813326
0.11192085858813326
0.11192085858813326
0.11192085858813326
0.11192085858813326
0.12696804563556705
0.11192085858813326
0.11192085858813326
0.11192085858813326
0.11192085858813326
0.11192085858813326
0.11192085858813326
0.11192085858813326
0.11192085858813326
0.11192085858813326
0.11192085858813326
0.11192085858813326
0.11192085858813326
0.11192085858813326
0.11192085858813326
0.11192085858813326
0.11192085858813326
0.11192085858813326
0.11192085858813326
0.11192085858813326
0.11192085858813326
0.11192085858813326
0.11192085858813326
0.11192085858813326
0.11192085858813326
0.11192085858813326
0.11192085858813326
0.11192085858813326
0.11192085858813326
0.11192085858813326
0.11192085858813326
0.11192085858813326
0.11192085858813326
0.11192085858813326
0.11192085858813326
0.18347010928500737
0.11192085858813326
0.23908144785105415
0.11192085858813326
0.11192085858813326
0.11192085858813326
0.11192085858813326
0.11192085858813326
0.11192085858813326
0.11192085858813326
0.11192085858813326
0.11192085858813326
0.11192085858813326
0.11192085858813326
0.11192085858813326
0.11192085858813326
0.11192085858813326
0.11192085858813326
0.11192085858813326
0.11192085858813326
0.11192085858813326
0.11192085858813326
0.11192085858813326
0.11192085858813326
0.11192085858813326
0.11192085858813326
0.11192085858813326
0.11192085858813326
0.11192085858813326
0.11192085858813326
0.11192085858813326
0.11192085858813326
0.11192085858813326
0.11192085858813326
0.11192085858813326
0.11192085858813326
0.11192085858813326
0.11192085858813326
0.11192085858813326
0.11192085858813326
0.11192085858813326
0.11192085858813326
0.11192085858813326
0.11192085858813326
0.11192085858813326
0.11192085858813326
0.11192085858813326
0.11192085858813326
0.11192085858813326
0.11192085858813326
0.11192085858813326
0.11192085858813326
0.11192085858813326
0.11192085858813326
0.11192085858813326
0.11192085858813326
0.11192085858813326
0.11192085858813326
0.11192085858813326
0.11192085858813326
0.11192085858813326
0.11192085858813326
0.11192085858813326
0.11192085858813326
0.11192085858813326
0.11192085858813326
0.11192085858813326
0.11192085858813326
0.11192085858813326
0.11192085858813326
0.11192085858813326
0.11192085858813326
0.11192085858813326
0.11192085858813326
0.11192085858813326
0.11192085858813326
0.11192085858813326
0.11192085858813326
0.11192085858813326
0.11192085858813326
0.11192085858813326
0.11192085858813326
0.11192085858813326
0.11192085858813326
0.11192085858813326
0.11192085858813326
0.11192085858813326
0.11192085858813326
0.11192085858813326
0.11192085858813326
0.11192085858813326
0.11192085858813326
0.11192085858813326
0.14419337332358484
0.11192085858813326
0.11192085858813326
0.11192085858813326
0.11192085858813326
0.11192085858813326
0.11192085858813326
0.11192085858813326
0.11192085858813326
0.12690213199637296
0.11192085858813326
0.11192085858813326
0.11192085858813326
0.11192085858813326
0.11192085858813326
0.11192085858813326
0.11192085858813326
0.11192085858813326
0.11192085858813326
0.11192085858813326
0.11192085858813326
0.11192085858813326
0.11192085858813326
0.11192085858813326
0.11192085858813326
0.11192085858813326
0.11192085858813326
0.11192085858813326
0.2318904431150518
0.11192085858813326
0.11192085858813326
0.11192085858813326
0.11192085858813326
0.11192085858813326
0.11192085858813326
0.11192085858813326
0.11192085858813326
0.11192085858813326
0.11192085858813326
0.11192085858813326
0.11192085858813326
0.2292952791449126
0.11192085858813326
0.11192085858813326
0.11192085858813326
0.11192085858813326
0.11192085858813326
0.11192085858813326
0.11192085858813326
0.11192085858813326
0.11192085858813326
0.11192085858813326
0.11192085858813326
0.11192085858813326
0.11192085858813326
0.11192085858813326
0.11192085858813326
0.11192085858813326
0.11192085858813326
0.11192085858813326
0.11192085858813326
0.11192085858813326
0.11192085858813326
0.11192085858813326
0.11192085858813326
0.11192085858813326
0.11192085858813326
0.11192085858813326
0.11192085858813326
0.11192085858813326
0.11192085858813326
0.11192085858813326
0.11192085858813326
0.11192085858813326
0.11192085858813326
0.11192085858813326
0.11192085858813326
0.11192085858813326
0.11192085858813326
0.11192085858813326
0.11192085858813326
0.11192085858813326
0.11192085858813326
0.11192085858813326
0.11192085858813326
0.11192085858813326
0.11192085858813326
0.11192085858813326
0.11192085858813326
0.1657292448307896
0.11192085858813326
0.11192085858813326
0.11192085858813326
0.11192085858813326
0.11192085858813326
0.11192085858813326
0.11192085858813326
0.11192085858813326
0.11192085858813326
0.11192085858813326
0.11192085858813326
0.11192085858813326
0.11192085858813326
0.11192085858813326
0.11192085858813326
0.11192085858813326
0.11192085858813326
0.11192085858813326
0.11192085858813326
0.11192085858813326
0.11192085858813326
0.11192085858813326
0.11192085858813326
0.11192085858813326
0.11192085858813326
0.11192085858813326
0.11192085858813326
0.11192085858813326
0.11192085858813326
0.11192085858813326
0.11192085858813326
0.11192085858813326
0.11192085858813326
0.11192085858813326
0.1894885423159927
0.11192085858813326
0.11192085858813326
0.11192085858813326
0.11192085858813326
0.11192085858813326
0.11192085858813326
0.11192085858813326
0.11192085858813326
0.11192085858813326
0.11192085858813326
0.11192085858813326
0.11192085858813326
0.11192085858813326
0.18347010928500737
0.11192085858813326
0.11192085858813326
0.11192085858813326
0.11192085858813326
0.11192085858813326
0.11192085858813326
0.11192085858813326
0.11192085858813326
0.11192085858813326
0.11192085858813326
0.11192085858813326
0.11192085858813326
0.11192085858813326
0.11192085858813326
0.11192085858813326
0.11192085858813326
0.11379351776416323
0.11192085858813326
0.11192085858813326
0.11192085858813326
0.11192085858813326
0.13848820232215947
0.11192085858813326
0.11192085858813326
0.11192085858813326
0.11192085858813326
0.11192085858813326
0.11192085858813326
0.11192085858813326
0.11192085858813326
0.11192085858813326
0.11192085858813326
0.11192085858813326
0.11192085858813326
0.11192085858813326
0.11192085858813326
0.11192085858813326
0.11192085858813326
0.11192085858813326
0.11192085858813326
0.11192085858813326
0.11192085858813326
0.11192085858813326
0.11192085858813326
0.11192085858813326
0.11192085858813326
0.11192085858813326
0.11192085858813326
0.11192085858813326
0.11192085858813326
0.11192085858813326
0.11192085858813326
0.11192085858813326
0.11192085858813326
0.11192085858813326
0.11192085858813326
0.11192085858813326
0.11192085858813326
0.11192085858813326
0.11192085858813326
0.11192085858813326
0.11192085858813326
0.11192085858813326
0.11192085858813326
0.11192085858813326
0.24082597865197633
0.11192085858813326
0.11192085858813326
0.11192085858813326
0.11192085858813326
0.11192085858813326
0.11192085858813326
0.11192085858813326
0.11192085858813326
0.11192085858813326
0.11192085858813326
0.11192085858813326
0.11192085858813326
0.11192085858813326
0.12690213199637296
0.16807060171643964
0.11192085858813326
0.11192085858813326
0.11192085858813326
0.11192085858813326
0.11192085858813326
0.11192085858813326
0.11192085858813326
0.11192085858813326
0.11192085858813326
0.11192085858813326
0.11192085858813326
0.11192085858813326
0.11192085858813326
0.11192085858813326
0.11192085858813326
0.11192085858813326
0.11192085858813326
0.11192085858813326
0.11192085858813326
0.11192085858813326
0.11192085858813326
0.11192085858813326
0.11192085858813326
0.11192085858813326
0.11192085858813326
0.11192085858813326
0.11192085858813326
0.11192085858813326
0.11192085858813326
0.11192085858813326
0.11192085858813326
0.11192085858813326
0.11192085858813326
0.11192085858813326
0.11192085858813326
