0.5529908911634895
0.40560454076451163
0.41233500058183065
0.519953704015848
0.45874223137015013
0.4226827857100479
0.3571320780165587
0.3089117196494846
0.3644170735976359
0.30640434697677726
0.3730833262907497
0.46493177634725513
0.26773517182470746
0.3121059580996042
0.38660874958192964
0.3121059580996042
0.46604612974906523
0.4752253954078125
0.30640434697677726
0.42224589861000744
0.30640434697677726
0.26773517182470746
0.2989038348299585
0.2687840707179358
0.3644170735976359
0.3089117196494846
0.30640434697677726
0.26773517182470746
0.3653996974325107
0.26773517182470746
0.30640434697677726
0.3089117196494846
0.30640434697677726
0.3121059580996042
0.3121059580996042
0.30640434697677726
0.30725160214688646
0.46604612974906523
0.5036731862681069
0.38660874958192964
0.30640434697677726
0.2687840707179358
0.26773517182470746
0.2687840707179358
0.3089117196494846
0.26773517182470746
0.26773517182470746
0.2687840707179358
0.3089117196494846
0.26773517182470746
0.26773517182470746
0.30640434697677726
0.2687840707179358
0.3040553181788505
0.30640434697677726
0.2687840707179358
0.2989038348299585
0.3089117196494846
0.26773517182470746
0.2687840707179358
0.26773517182470746
0.26773517182470746
0.2687840707179358
0.26557534461088456
0.26773517182470746
0.3040553181788505
0.2687840707179358
0.2687840707179358
0.26773517182470746
0.2687840707179358
0.26773517182470746
0.26773517182470746
0.26773517182470746
0.26773517182470746
0.26773517182470746
0.26773517182470746
0.2687840707179358
0.26773517182470746
0.2687840707179358
0.26773517182470746
0.26773517182470746
0.26773517182470746
0.26557534461088456
0.26773517182470746
0.26773517182470746
0.26773517182470746
0.26557534461088456
0.26557534461088456
0.26557534461088456
0.26557534461088456
0.26773517182470746
0.26773517182470746
0.2630541910851454
0.26773517182470746
0.26773517182470746
0.26773517182470746
0.2630541910851454
0.26773517182470746
0.26773517182470746
0.26773517182470746
0.26557534461088456
0.26557534461088456
0.2630541910851454
0.2630541910851454
0.26557534461088456
0.26773517182470746
0.26773517182470746
0.2630541910851454
0.2630541910851454
0.2630541910851454
0.26557534461088456
0.26557534461088456
0.2630541910851454
0.2630541910851454
0.2630541910851454
0.26557534461088456
0.26773517182470746
0.26557534461088456
0.26773517182470746
0.26773517182470746
0.2630541910851454
0.2630541910851454
0.2630541910851454
0.2630541910851454
0.2630541910851454
0.26557534461088456
0.26557534461088456
0.2630541910851454
0.2630541910851454
0.2630541910851454
0.2630541910851454
0.2630541910851454
0.2630541910851454
0.2630541910851454
0.2630541910851454
0.2630541910851454
0.2630541910851454
0.2630541910851454
0.2630541910851454
0.2630541910851454
0.2630541910851454
0.2630541910851454
0.2630541910851454
0.2630541910851454
0.2630541910851454
0.2630541910851454
0.2630541910851454
0.2630541910851454
0.2630541910851454
0.2630541910851454
0.2630541910851454
0.2630541910851454
0.2630541910851454
0.2630541910851454
0.2630541910851454
0.2630541910851454
0.26557534461088456
0.2630541910851454
0.2630541910851454
0.2630541910851454
0.2630541910851454
0.2630541910851454
0.2630541910851454
0.2630541910851454
0.2630541910851454
0.2630541910851454
0.2630541910851454
0.2630541910851454
0.2630541910851454
0.2630541910851454
0.2630541910851454
0.2630541910851454
0.2630541910851454
0.2630541910851454
0.2630541910851454
0.2630541910851454
0.2630541910851454
0.2630541910851454
0.2630541910851454
0.2630541910851454
0.2630541910851454
0.2630541910851454
0.2630541910851454
0.2630541910851454
0.2630541910851454
0.2630541910851454
0.2630541910851454
0.2630541910851454
0.2630541910851454
0.2630541910851454
0.2630541910851454
0.2630541910851454
0.2630541910851454
0.2630541910851454
0.2630541910851454
0.2630541910851454
0.2630541910851454
0.2630541910851454
0.2630541910851454
0.2630541910851454
0.2630541910851454
0.2630541910851454
0.2630541910851454
0.2630541910851454
0.2630541910851454
0.2630541910851454
0.2630541910851454
0.2630541910851454
0.2630541910851454
0.2630541910851454
0.2630541910851454
0.2630541910851454
0.2630541910851454
0.2630541910851454
0.2630541910851454
0.2630541910851454
0.2630541910851454
0.2630541910851454
0.2630541910851454
0.2630541910851454
0.2630541910851454
0.2630541910851454
0.2630541910851454
0.2630541910851454
0.2630541910851454
0.2630541910851454
0.2630541910851454
0.2630541910851454
0.2630541910851454
0.2630541910851454
0.2630541910851454
0.2630541910851454
0.2630541910851454
0.261974277478234
0.2630541910851454
0.2630541910851454
0.2630541910851454
0.2630541910851454
0.2630541910851454
0.2644631156096655
0.2630541910851454
0.2630541910851454
0.2630541910851454
0.2630541910851454
0.2630541910851454
0.2630541910851454
0.2630541910851454
0.2630541910851454
0.2630541910851454
0.261974277478234
0.2630541910851454
0.2630541910851454
0.2630541910851454
0.2630541910851454
0.2630541910851454
0.2630541910851454
0.2630541910851454
0.2630541910851454
0.2630541910851454
0.2630541910851454
0.2630541910851454
0.2630541910851454
0.2630541910851454
0.2630541910851454
0.2630541910851454
0.261974277478234
0.2630541910851454
0.2630541910851454
0.2630541910851454
0.2630541910851454
0.2630541910851454
0.261974277478234
0.2630541910851454
0.2630541910851454
0.2630541910851454
0.2630541910851454
0.2630541910851454
0.2630541910851454
0.2630541910851454
0.2630541910851454
0.261974277478234
0.2630541910851454
0.2630541910851454
0.26557534461088456
0.261974277478234
0.261974277478234
0.2630541910851454
0.2630541910851454
0.261974277478234
0.2630541910851454
0.2630541910851454
0.261974277478234
0.2630541910851454
0.261974277478234
0.261974277478234
0.2630541910851454
0.2630541910851454
0.261974277478234
0.261974277478234
0.2630541910851454
0.261974277478234
0.261974277478234
0.261974277478234
0.261974277478234
0.261974277478234
0.261974277478234
0.261974277478234
0.261974277478234
0.261974277478234
0.261974277478234
0.261974277478234
0.2630541910851454
0.261974277478234
0.261974277478234
0.261974277478234
0.261974277478234
0.261974277478234
0.2630541910851454
0.261974277478234
0.261974277478234
0.261974277478234
0.261974277478234
0.261974277478234
0.261974277478234
0.261974277478234
0.261974277478234
0.261974277478234
0.261974277478234
0.261974277478234
0.261974277478234
0.261974277478234
0.261974277478234
0.261974277478234
0.261974277478234
0.261974277478234
0.261974277478234
0.261974277478234
0.261974277478234
0.261974277478234
0.261974277478234
0.261974277478234
0.261974277478234
0.261974277478234
0.261974277478234
0.261974277478234
0.261974277478234
0.261974277478234
0.261974277478234
0.261974277478234
0.261974277478234
0.261974277478234
0.261974277478234
0.261974277478234
0.261974277478234
0.261974277478234
0.261974277478234
0.2581837563672774
0.261974277478234
0.261974277478234
0.261974277478234
0.261974277478234
0.261974277478234
0.261974277478234
0.261974277478234
0.4256151826060315
0.261974277478234
0.261974277478234
0.261974277478234
0.261974277478234
0.2581837563672774
0.261974277478234
0.261974277478234
0.261974277478234
0.261974277478234
0.261974277478234
0.261974277478234
0.261974277478234
0.261974277478234
0.261974277478234
0.261974277478234
0.261974277478234
0.261974277478234
0.261974277478234
0.261974277478234
0.261974277478234
0.261974277478234
0.261974277478234
0.261974277478234
0.2581837563672774
0.261974277478234
0.261974277478234
0.261974277478234
0.261974277478234
0.261974277478234
0.261974277478234
0.261974277478234
0.261974277478234
0.2581837563672774
0.261974277478234
0.261974277478234
0.261974277478234
0.261974277478234
0.261974277478234
0.261974277478234
0.261974277478234
0.261974277478234
0.261974277478234
0.261974277478234
0.2581837563672774
0.261974277478234
0.2581837563672774
0.2581837563672774
0.2581837563672774
0.2581837563672774
0.261974277478234
0.261974277478234
0.2640420575223645
0.261974277478234
0.261974277478234
0.261974277478234
0.261974277478234
0.261974277478234
0.261974277478234
0.261974277478234
0.2581837563672774
0.261974277478234
0.2581837563672774
0.2581837563672774
0.2581837563672774
0.2581837563672774
0.2581837563672774
0.2581837563672774
0.2581837563672774
0.261974277478234
0.261974277478234
0.261974277478234
0.2581837563672774
0.2581837563672774
0.261974277478234
0.2581837563672774
0.2581837563672774
0.2581837563672774
0.2581837563672774
0.2581837563672774
0.2581837563672774
0.2581837563672774
0.2581837563672774
0.2581837563672774
0.2581837563672774
0.2581837563672774
0.2581837563672774
0.2581837563672774
0.2581837563672774
0.2581837563672774
0.2581837563672774
0.2581837563672774
0.2581837563672774
0.2581837563672774
0.2581837563672774
0.2581837563672774
0.2581837563672774
0.2581837563672774
0.2581837563672774
0.2581837563672774
0.2581837563672774
0.2581837563672774
0.2581837563672774
0.2581837563672774
0.2581837563672774
0.2581837563672774
0.2581837563672774
0.2581837563672774
0.2581837563672774
0.2581837563672774
0.2581837563672774
0.2581837563672774
0.2581837563672774
0.2581837563672774
0.2581837563672774
0.2581837563672774
0.2581837563672774
0.2581837563672774
0.2581837563672774
0.2581837563672774
0.2581837563672774
0.2581837563672774
0.2581837563672774
0.2581837563672774
0.2581837563672774
0.2581837563672774
0.2581837563672774
0.2581837563672774
0.2581837563672774
0.2581837563672774
0.2581837563672774
0.2581837563672774
0.2581837563672774
0.2581837563672774
0.2581837563672774
0.2581837563672774
0.2581837563672774
0.2581837563672774
0.2581837563672774
0.2581837563672774
0.2581837563672774
0.2581837563672774
0.2581837563672774
0.2581837563672774
0.2581837563672774
0.2581837563672774
0.2581837563672774
0.2581837563672774
0.2581837563672774
0.2581837563672774
0.2581837563672774
0.2581837563672774
0.2581837563672774
0.2581837563672774
0.2581837563672774
0.2581837563672774
0.2581837563672774
0.2581837563672774
0.2581837563672774
0.2581837563672774
0.2581837563672774
0.2581837563672774
0.2581837563672774
0.2581837563672774
0.2581837563672774
0.2581837563672774
0.2581837563672774
0.2581837563672774
0.2581837563672774
0.2581837563672774
0.2581837563672774
0.2581837563672774
0.2581837563672774
0.2581837563672774
0.2581837563672774
0.2581837563672774
0.2581837563672774
0.2581837563672774
0.2581837563672774
0.2581837563672774
0.2581837563672774
0.2581837563672774
0.2581837563672774
0.2581837563672774
0.2581837563672774
0.2581837563672774
0.2581837563672774
0.2581837563672774
0.2581837563672774
0.24090513865669425
0.2581837563672774
0.2581837563672774
0.2581837563672774
0.2581837563672774
0.2581837563672774
0.2581837563672774
0.2581837563672774
0.2581837563672774
0.2581837563672774
0.2581837563672774
0.2581837563672774
0.24090513865669425
0.2581837563672774
0.2581837563672774
0.24090513865669425
0.2581837563672774
0.2581837563672774
0.24090513865669425
0.2581837563672774
0.2581837563672774
0.2581837563672774
0.2581837563672774
0.2581837563672774
0.2581837563672774
0.24090513865669425
0.2581837563672774
0.2581837563672774
0.24090513865669425
0.24090513865669425
0.24090513865669425
0.2581837563672774
0.2581837563672774
0.24090513865669425
0.2581837563672774
0.24090513865669425
0.2581837563672774
0.2581837563672774
0.2607443460153824
0.2581837563672774
0.24090513865669425
0.24090513865669425
0.2581837563672774
0.24090513865669425
0.2581837563672774
0.24090513865669425
0.24090513865669425
0.24090513865669425
0.24090513865669425
0.2581837563672774
0.24090513865669425
0.24090513865669425
0.24090513865669425
0.24090513865669425
0.24090513865669425
0.24090513865669425
0.24090513865669425
0.24090513865669425
0.24090513865669425
0.24090513865669425
0.24090513865669425
0.24090513865669425
0.24090513865669425
0.24090513865669425
0.24090513865669425
0.24090513865669425
0.24090513865669425
0.24090513865669425
0.24090513865669425
0.24090513865669425
0.24090513865669425
0.24090513865669425
0.24090513865669425
0.24090513865669425
0.24090513865669425
0.24090513865669425
0.24090513865669425
0.24090513865669425
0.24090513865669425
0.24090513865669425
0.24090513865669425
0.24090513865669425
0.24090513865669425
0.24090513865669425
0.24090513865669425
0.24090513865669425
0.24090513865669425
0.24090513865669425
0.4173801748496703
0.24090513865669425
0.24090513865669425
0.24090513865669425
0.24090513865669425
0.24090513865669425
0.24090513865669425
0.24090513865669425
0.24090513865669425
0.24090513865669425
0.24090513865669425
0.24090513865669425
0.24090513865669425
0.24090513865669425
0.24090513865669425
0.24090513865669425
0.24090513865669425
0.24090513865669425
0.24090513865669425
0.24090513865669425
0.24090513865669425
0.24090513865669425
0.24090513865669425
0.24090513865669425
0.24090513865669425
0.24090513865669425
0.24090513865669425
0.24090513865669425
0.24090513865669425
0.24090513865669425
0.24090513865669425
0.24090513865669425
0.24090513865669425
0.24090513865669425
0.24090513865669425
0.24090513865669425
0.24090513865669425
0.24090513865669425
0.24090513865669425
0.24090513865669425
0.24090513865669425
0.24090513865669425
0.24090513865669425
0.24090513865669425
0.24090513865669425
0.24090513865669425
0.24090513865669425
0.24090513865669425
0.24090513865669425
0.24090513865669425
0.24090513865669425
0.24090513865669425
0.2549440155465431
0.24090513865669425
0.24090513865669425
0.24090513865669425
0.24090513865669425
0.24090513865669425
0.24090513865669425
0.24090513865669425
0.24090513865669425
0.24090513865669425
0.24090513865669425
0.4173801748496703
0.24090513865669425
0.24090513865669425
0.24090513865669425
0.24090513865669425
0.24090513865669425
0.24090513865669425
0.24090513865669425
0.24090513865669425
0.24090513865669425
0.24090513865669425
0.24090513865669425
0.24090513865669425
0.24090513865669425
0.24090513865669425
0.24090513865669425
0.24090513865669425
0.24090513865669425
0.24090513865669425
0.24090513865669425
0.24090513865669425
0.24090513865669425
0.24090513865669425
0.24090513865669425
0.24090513865669425
0.24090513865669425
0.24090513865669425
0.24090513865669425
0.24090513865669425
0.24090513865669425
0.24090513865669425
0.24090513865669425
0.24090513865669425
0.2635833244018347
0.24090513865669425
0.24090513865669425
0.24090513865669425
0.24090513865669425
0.24090513865669425
0.24090513865669425
0.24090513865669425
0.24090513865669425
0.24090513865669425
0.24090513865669425
0.24090513865669425
0.24090513865669425
0.24090513865669425
0.24090513865669425
0.24090513865669425
0.24090513865669425
0.24090513865669425
0.24090513865669425
0.24090513865669425
0.24090513865669425
0.24090513865669425
0.24090513865669425
0.24090513865669425
0.24090513865669425
0.24090513865669425
0.24090513865669425
0.24090513865669425
0.24090513865669425
0.2506243611188973
0.24090513865669425
0.24090513865669425
0.26818829784601445
0.24090513865669425
0.24090513865669425
0.24090513865669425
0.24090513865669425
0.24090513865669425
0.24090513865669425
0.24090513865669425
0.24090513865669425
0.24090513865669425
0.24090513865669425
0.24090513865669425
0.24090513865669425
0.24090513865669425
0.24090513865669425
0.24090513865669425
0.24090513865669425
0.24090513865669425
0.24090513865669425
0.24090513865669425
0.24090513865669425
0.24090513865669425
0.24090513865669425
0.24090513865669425
0.24090513865669425
0.24090513865669425
0.24090513865669425
0.24090513865669425
0.24090513865669425
0.24090513865669425
0.24090513865669425
0.24090513865669425
0.24090513865669425
0.24090513865669425
0.24090513865669425
0.24090513865669425
0.24090513865669425
0.24090513865669425
0.24090513865669425
0.24090513865669425
0.24090513865669425
0.24090513865669425
0.24090513865669425
0.24090513865669425
0.24090513865669425
0.24090513865669425
0.24090513865669425
0.24090513865669425
0.24090513865669425
0.24090513865669425
0.24090513865669425
0.24090513865669425
0.24090513865669425
0.24090513865669425
0.24090513865669425
0.24306496587051715
0.24090513865669425
0.24090513865669425
0.24090513865669425
0.24090513865669425
0.24090513865669425
0.24090513865669425
0.24090513865669425
0.24090513865669425
0.24090513865669425
0.24090513865669425
0.24090513865669425
0.24090513865669425
0.24090513865669425
0.24090513865669425
0.24090513865669425
0.24090513865669425
0.24090513865669425
0.24090513865669425
0.24090513865669425
0.24090513865669425
0.24090513865669425
0.24090513865669425
0.24090513865669425
0.24090513865669425
0.24090513865669425
0.24090513865669425
0.24090513865669425
0.24090513865669425
0.24090513865669425
0.24090513865669425
0.24090513865669425
0.24090513865669425
0.24090513865669425
0.24090513865669425
0.24090513865669425
0.24090513865669425
0.24090513865669425
0.24090513865669425
0.24090513865669425
0.24090513865669425
0.24090513865669425
0.24090513865669425
0.24090513865669425
0.24090513865669425
0.24090513865669425
0.26150730911031095
0.24090513865669425
0.24090513865669425
0.24090513865669425
0.24090513865669425
0.24090513865669425
0.24090513865669425
0.24090513865669425
0.24090513865669425
0.24090513865669425
0.24090513865669425
0.24090513865669425
0.24090513865669425
0.24090513865669425
0.24090513865669425
0.24090513865669425
0.24090513865669425
0.24090513865669425
0.24090513865669425
0.24090513865669425
0.24090513865669425
0.24090513865669425
0.24090513865669425
0.24090513865669425
0.24090513865669425
0.24090513865669425
0.24090513865669425
0.24090513865669425
0.24090513865669425
0.24090513865669425
0.24090513865669425
0.24090513865669425
0.24090513865669425
0.24090513865669425
0.24090513865669425
0.24090513865669425
0.24090513865669425
0.24090513865669425
0.24090513865669425
0.24090513865669425
0.24090513865669425
0.24090513865669425
0.24090513865669425
0.24090513865669425
0.24090513865669425
0.24090513865669425
0.24090513865669425
0.24090513865669425
0.24090513865669425
0.24090513865669425
0.24090513865669425
0.24090513865669425
0.24090513865669425
0.24090513865669425
0.24090513865669425
0.24090513865669425
0.24090513865669425
0.24090513865669425
0.24090513865669425
0.24090513865669425
0.24090513865669425
0.24090513865669425
0.24090513865669425
0.24090513865669425
0.24090513865669425
0.24090513865669425
0.24090513865669425
0.24090513865669425
0.24090513865669425
0.24090513865669425
0.24090513865669425
0.24090513865669425
0.24090513865669425
0.24090513865669425
0.24090513865669425
0.24090513865669425
0.24090513865669425
0.24090513865669425
0.24090513865669425
0.24090513865669425
0.24090513865669425
0.24090513865669425
0.24090513865669425
0.24090513865669425
0.24090513865669425
0.24090513865669425
0.24090513865669425
0.24090513865669425
0.24090513865669425
0.24090513865669425
0.24090513865669425
0.24090513865669425
0.3351400956673913
0.24090513865669425
0.24090513865669425
0.24090513865669425
0.24090513865669425
0.24090513865669425
0.24090513865669425
0.24090513865669425
0.24090513865669425
0.24090513865669425
0.24090513865669425
0.24090513865669425
0.24090513865669425
0.24090513865669425
0.24090513865669425
0.24090513865669425
0.24090513865669425
0.24090513865669425
0.24090513865669425
0.24090513865669425
0.24090513865669425
0.24090513865669425
0.24090513865669425
0.24090513865669425
0.24090513865669425
0.24090513865669425
0.24090513865669425
0.24090513865669425
0.24090513865669425
0.24090513865669425
0.2506243611188973
0.24090513865669425
0.24090513865669425
0.24090513865669425
0.24090513865669425
0.24090513865669425
0.24090513865669425
0.24090513865669425
0.24090513865669425
0.24090513865669425
0.24090513865669425
0.24090513865669425
0.24090513865669425
0.24090513865669425
0.24090513865669425
0.24090513865669425
0.24090513865669425
0.24090513865669425
0.24090513865669425
0.24090513865669425
0.24090513865669425
0.24090513865669425
0.24090513865669425
0.24090513865669425
0.24090513865669425
0.24090513865669425
0.24090513865669425
0.24090513865669425
0.24090513865669425
0.24090513865669425
0.24090513865669425
0.24090513865669425
0.24090513865669425
0.24090513865669425
0.24090513865669425
0.24090513865669425
0.24090513865669425
0.24090513865669425
0.24090513865669425
0.24090513865669425
0.24090513865669425
0.24090513865669425
0.24090513865669425
0.24090513865669425
0.24090513865669425
0.24090513865669425
0.24090513865669425
0.24090513865669425
0.30640434697677726
0.30640434697677726
0.5183656426328784
0.4752253954078125
0.5529908911634895
0.34533949377115697
0.3914614804029867
0.4226827857100479
0.2649075398063571
0.5622751490004464
0.5963544028583676
0.3791674256180247
0.4335031892243751
0.3043638366788004
0.3628506502298778
0.4153032518030062
0.24090513865669425
0.24090513865669425
0.24090513865669425
0.24090513865669425
0.2581837563672774
0.2799536388021126
0.24090513865669425
0.24090513865669425
0.3791674256180247
0.30640434697677726
0.3043638366788004
0.3043638366788004
0.24090513865669425
0.24090513865669425
0.29910240588194653
0.2635833244018347
0.26820900586756824
0.2635833244018347
0.24090513865669425
0.24090513865669425
0.30760357749953476
0.3791674256180247
0.24090513865669425
0.24090513865669425
0.2581837563672774
0.24090513865669425
0.24090513865669425
0.29910240588194653
0.24090513865669425
0.24090513865669425
0.24090513865669425
0.244773671660875
0.24090513865669425
0.24090513865669425
0.24090513865669425
0.24090513865669425
0.24090513865669425
0.24090513865669425
0.2635833244018347
0.24090513865669425
0.24090513865669425
0.25685802791545076
0.24090513865669425
0.24090513865669425
0.24090513865669425
0.24090513865669425
0.24090513865669425
0.2635833244018347
0.24090513865669425
0.24090513865669425
0.24090513865669425
0.24090513865669425
0.24090513865669425
0.24090513865669425
0.24090513865669425
0.24090513865669425
0.24090513865669425
0.24090513865669425
0.24090513865669425
0.24090513865669425
0.24090513865669425
0.24090513865669425
0.24090513865669425
0.24090513865669425
0.24090513865669425
0.24090513865669425
0.24090513865669425
0.24090513865669425
0.24090513865669425
0.24090513865669425
0.24090513865669425
0.24090513865669425
0.24090513865669425
0.24090513865669425
0.24090513865669425
0.24090513865669425
0.24090513865669425
0.24090513865669425
0.24090513865669425
0.24090513865669425
0.24090513865669425
0.2635833244018347
0.24090513865669425
0.24090513865669425
0.24090513865669425
0.24090513865669425
0.24090513865669425
0.24090513865669425
0.24090513865669425
0.24090513865669425
0.24090513865669425
0.24090513865669425
0.24090513865669425
0.24090513865669425
0.24090513865669425
0.24090513865669425
0.24090513865669425
0.257103842760366
0.24090513865669425
0.24090513865669425
0.24090513865669425
0.24090513865669425
0.24090513865669425
0.24090513865669425
0.24090513865669425
0.24543839153098712
0.24090513865669425
0.24090513865669425
0.24090513865669425
0.24090513865669425
0.24090513865669425
0.24090513865669425
0.24090513865669425
0.24090513865669425
0.24090513865669425
0.24090513865669425
0.24090513865669425
0.24090513865669425
0.24090513865669425
0.24090513865669425
0.24090513865669425
0.24133057731995106
0.24090513865669425
0.24090513865669425
0.24090513865669425
0.24090513865669425
0.24090513865669425
0.24090513865669425
0.24090513865669425
0.24522479308434006
0.24090513865669425
0.24090513865669425
0.24090513865669425
0.24090513865669425
0.24090513865669425
0.24090513865669425
0.24090513865669425
0.24090513865669425
0.24090513865669425
0.24090513865669425
0.24090513865669425
0.24090513865669425
0.24090513865669425
0.24090513865669425
0.24090513865669425
0.24090513865669425
0.24090513865669425
0.24090513865669425
0.24090513865669425
0.24090513865669425
0.24090513865669425
0.24090513865669425
0.24090513865669425
0.24090513865669425
0.24090513865669425
0.24090513865669425
0.24090513865669425
0.24090513865669425
0.24090513865669425
0.24090513865669425
0.24090513865669425
0.24090513865669425
0.24090513865669425
0.24090513865669425
0.24090513865669425
0.2506243611188973
0.24090513865669425
0.24090513865669425
0.24090513865669425
0.24090513865669425
0.24090513865669425
0.24090513865669425
0.24090513865669425
0.24090513865669425
0.24090513865669425
0.24090513865669425
0.24090513865669425
0.24090513865669425
0.24090513865669425
0.24090513865669425
0.24090513865669425
0.24090513865669425
0.24090513865669425
0.24090513865669425
0.24090513865669425
0.24090513865669425
0.24090513865669425
0.24090513865669425
0.24090513865669425
0.24090513865669425
0.24090513865669425
0.2581837563672774
0.24090513865669425
0.24090513865669425
0.24090513865669425
0.24090513865669425
0.24090513865669425
0.24090513865669425
0.24090513865669425
0.2581837563672774
0.24090513865669425
0.24090513865669425
0.4173801748496703
0.24090513865669425
0.24090513865669425
0.24090513865669425
0.2581837563672774
0.24090513865669425
0.24090513865669425
0.24090513865669425
0.24090513865669425
0.24090513865669425
0.24090513865669425
0.24090513865669425
0.24090513865669425
0.24090513865669425
0.24090513865669425
0.24090513865669425
0.24090513865669425
0.24090513865669425
0.24090513865669425
0.24090513865669425
0.24090513865669425
0.24090513865669425
0.24090513865669425
0.24090513865669425
0.24090513865669425
0.24090513865669425
0.24090513865669425
0.24090513865669425
0.24090513865669425
0.24090513865669425
0.24090513865669425
0.24090513865669425
0.24090513865669425
0.24090513865669425
0.24090513865669425
0.24090513865669425
0.24090513865669425
0.24090513865669425
0.24090513865669425
0.24090513865669425
0.24090513865669425
0.24090513865669425
0.24090513865669425
0.24090513865669425
0.24090513865669425
0.24090513865669425
0.24090513865669425
0.24090513865669425
0.24090513865669425
0.24090513865669425
0.24090513865669425
0.24090513865669425
0.24090513865669425
0.24090513865669425
0.24090513865669425
0.24090513865669425
0.24090513865669425
0.24090513865669425
0.24090513865669425
0.24090513865669425
0.24090513865669425
0.24090513865669425
0.24090513865669425
0.24090513865669425
0.24090513865669425
0.24090513865669425
0.24090513865669425
0.24090513865669425
0.24090513865669425
0.24090513865669425
0.24090513865669425
0.24090513865669425
0.24090513865669425
0.24090513865669425
0.24090513865669425
0.24090513865669425
0.24090513865669425
0.24090513865669425
0.24090513865669425
0.24090513865669425
0.24090513865669425
0.24090513865669425
0.24090513865669425
0.24522479308434006
0.24090513865669425
0.24090513865669425
0.24090513865669425
0.24090513865669425
0.24090513865669425
0.24090513865669425
0.24090513865669425
0.24090513865669425
0.24090513865669425
0.24090513865669425
0.24090513865669425
0.24090513865669425
0.24090513865669425
0.24090513865669425
0.24090513865669425
0.24090513865669425
0.24090513865669425
0.24090513865669425
0.24090513865669425
0.24090513865669425
0.24090513865669425
0.24090513865669425
0.24090513865669425
0.24090513865669425
0.24090513865669425
0.24090513865669425
0.24090513865669425
0.24090513865669425
0.24090513865669425
0.24090513865669425
0.24090513865669425
0.24090513865669425
0.24090513865669425
0.24090513865669425
0.24090513865669425
0.24090513865669425
0.24090513865669425
0.24090513865669425
0.24090513865669425
0.24090513865669425
0.24090513865669425
0.24090513865669425
0.24558562393600736
0.24090513865669425
0.24090513865669425
0.24090513865669425
0.24090513865669425
0.24090513865669425
0.24090513865669425
0.24090513865669425
0.24090513865669425
0.24090513865669425
0.24090513865669425
0.24090513865669425
0.24090513865669425
0.24090513865669425
0.24090513865669425
0.24090513865669425
0.24090513865669425
0.24090513865669425
0.3351400956673913
0.24090513865669425
0.24090513865669425
0.24090513865669425
0.24090513865669425
0.24090513865669425
0.24090513865669425
0.24090513865669425
0.24090513865669425
0.24090513865669425
0.24090513865669425
0.24090513865669425
0.24090513865669425
0.24090513865669425
0.24090513865669425
0.24090513865669425
0.24090513865669425
0.24090513865669425
0.24090513865669425
0.4173801748496703
0.24090513865669425
0.24090513865669425
0.24090513865669425
0.24090513865669425
0.24090513865669425
0.24090513865669425
0.24090513865669425
0.24090513865669425
0.24090513865669425
0.24090513865669425
0.24090513865669425
0.24090513865669425
0.24090513865669425
0.24090513865669425
0.24090513865669425
0.24090513865669425
0.24090513865669425
0.24090513865669425
0.24090513865669425
0.24090513865669425
0.24090513865669425
0.24090513865669425
0.24090513865669425
0.24090513865669425
0.24090513865669425
0.24090513865669425
0.24090513865669425
0.24090513865669425
0.24090513865669425
0.24090513865669425
0.24090513865669425
0.24090513865669425
0.24090513865669425
0.24090513865669425
0.24090513865669425
0.24090513865669425
0.24090513865669425
0.24090513865669425
0.24090513865669425
0.24090513865669425
0.24090513865669425
0.24090513865669425
0.24090513865669425
0.24090513865669425
0.24090513865669425
0.24090513865669425
0.24090513865669425
0.24090513865669425
0.24090513865669425
0.24090513865669425
0.24090513865669425
0.24090513865669425
0.24090513865669425
0.24090513865669425
0.24090513865669425
0.24090513865669425
0.24090513865669425
0.24090513865669425
0.24090513865669425
0.24090513865669425
0.24090513865669425
0.24090513865669425
0.24090513865669425
0.24090513865669425
0.24090513865669425
0.24090513865669425
0.24090513865669425
0.24090513865669425
0.24090513865669425
0.24090513865669425
0.24090513865669425
0.24090513865669425
0.24090513865669425
0.24090513865669425
0.24090513865669425
0.24090513865669425
0.24090513865669425
0.24090513865669425
0.24090513865669425
0.24090513865669425
0.24090513865669425
0.24090513865669425
0.24090513865669425
0.4173801748496703
0.26150730911031095
0.24090513865669425
0.24090513865669425
0.24090513865669425
0.24090513865669425
0.24090513865669425
0.24090513865669425
0.24090513865669425
0.24090513865669425
0.24090513865669425
0.24090513865669425
0.24090513865669425
0.24090513865669425
0.24090513865669425
0.24090513865669425
0.24090513865669425
0.24090513865669425
0.24090513865669425
0.24090513865669425
0.24090513865669425
0.24090513865669425
0.24090513865669425
0.2635833244018347
0.24090513865669425
0.24338593919694143
0.24090513865669425
0.24090513865669425
0.2527841883327202
0.24090513865669425
0.24090513865669425
0.24090513865669425
0.24090513865669425
0.24090513865669425
0.24090513865669425
