0.4470667299177735
0.46819847154528604
0.422129223182016
0.5188779700197454
0.5588709275562374
0.5255634926162458
0.5008660225567106
0.5274827281869519
0.4375973055620277
0.4831383864961811
0.39861409864988123
0.42707272600687485
0.44902329297014837
0.5274827281869519
0.5211378089060567
0.5035762577323512
0.44908040216268763
0.5470653850660001
0.516474448882833
0.5172277404798592
0.5703330864652834
0.4470667299177735
0.556590195500915
0.4406526783163766
0.42707272600687485
0.46819847154528604
0.4375973055620277
0.44902329297014837
0.4375973055620277
0.4470667299177735
0.516474448882833
0.422129223182016
0.4375973055620277
0.4375973055620277
0.5688739525862783
0.4342142804443089
0.31555084776581327
0.5255634926162458
0.5359244893699293
0.45254701965904903
0.422129223182016
0.4375973055620277
0.5751573226544623
0.27288748260193935
0.422129223182016
0.5751573226544623
0.4470667299177735
0.4264947300540949
0.422129223182016
0.31555084776581327
0.46158475942769106
0.422129223182016
0.4527065290884318
0.3782989029821391
0.5688739525862783
0.4375973055620277
0.39651966693510915
0.5124187038667409
0.5751573226544623
0.44470786852896704
0.422129223182016
0.27288748260193935
0.39651966693510915
0.4375973055620277
0.37644559807838185
0.4381274037689893
0.39651966693510915
0.27288748260193935
0.31555084776581327
0.4527065290884318
0.42707272600687485
0.4215512272292361
0.39651966693510915
0.3782989029821391
0.4381274037689893
0.45800362076793877
0.422129223182016
0.422129223182016
0.31563802789079576
0.27864396655786544
0.27288748260193935
0.39651966693510915
0.4215512272292361
0.27288748260193935
0.27288748260193935
0.3782989029821391
0.26630643917925223
0.4375973055620277
0.4375973055620277
0.26630643917925223
0.27288748260193935
0.27288748260193935
0.46697518861638226
0.27864396655786544
0.27288748260193935
0.27288748260193935
0.3782989029821391
0.39651966693510915
0.27288748260193935
0.3782989029821391
0.26630643917925223
0.26630643917925223
0.27288748260193935
0.27288748260193935
0.39651966693510915
0.278887432434841
0.27288748260193935
0.27288748260193935
0.26630643917925223
0.26630643917925223
0.3782989029821391
0.27288748260193935
0.27288748260193935
0.4215512272292361
0.28871048749605255
0.26630643917925223
0.27288748260193935
0.27288748260193935
0.27288748260193935
0.27288748260193935
0.26630643917925223
0.27288748260193935
0.27288748260193935
0.27288748260193935
0.27288748260193935
0.26630643917925223
0.26630643917925223
0.27288748260193935
0.26630643917925223
0.26630643917925223
0.26630643917925223
0.26630643917925223
0.27288748260193935
0.27288748260193935
0.26630643917925223
0.26630643917925223
0.27288748260193935
0.27288748260193935
0.27288748260193935
0.26630643917925223
0.27288748260193935
0.26630643917925223
0.26630643917925223
0.26630643917925223
0.26630643917925223
0.26630643917925223
0.26630643917925223
0.27288748260193935
0.26630643917925223
0.26630643917925223
0.26630643917925223
0.26630643917925223
0.26630643917925223
0.26630643917925223
0.27288748260193935
0.26630643917925223
0.26630643917925223
0.26630643917925223
0.27288748260193935
0.26630643917925223
0.26630643917925223
0.26630643917925223
0.26630643917925223
0.26630643917925223
0.26630643917925223
0.26630643917925223
0.26630643917925223
0.26630643917925223
0.26630643917925223
0.26630643917925223
0.26630643917925223
0.26630643917925223
0.26630643917925223
0.26630643917925223
0.26630643917925223
0.26630643917925223
0.26630643917925223
0.3249574655722141
0.26630643917925223
0.26630643917925223
0.26630643917925223
0.26630643917925223
0.26630643917925223
0.26630643917925223
0.26630643917925223
0.26630643917925223
0.26630643917925223
0.26630643917925223
0.26630643917925223
0.26630643917925223
0.26630643917925223
0.26630643917925223
0.26630643917925223
0.26630643917925223
0.26630643917925223
0.26630643917925223
0.26630643917925223
0.26630643917925223
0.26630643917925223
0.26630643917925223
0.26630643917925223
0.26630643917925223
0.26630643917925223
0.26630643917925223
0.26630643917925223
0.26630643917925223
0.26630643917925223
0.26630643917925223
0.26630643917925223
0.26630643917925223
0.26630643917925223
0.26630643917925223
0.26630643917925223
0.26630643917925223
0.26630643917925223
0.26630643917925223
0.26630643917925223
0.26630643917925223
0.26630643917925223
0.26630643917925223
0.26630643917925223
0.26630643917925223
0.26630643917925223
0.26630643917925223
0.26630643917925223
0.26630643917925223
0.26630643917925223
0.26630643917925223
0.26630643917925223
0.26630643917925223
0.26630643917925223
0.26630643917925223
0.26630643917925223
0.26630643917925223
0.26630643917925223
0.26630643917925223
0.26630643917925223
0.26630643917925223
0.26630643917925223
0.2686067678188666
0.26630643917925223
0.26630643917925223
0.26630643917925223
0.26630643917925223
0.26630643917925223
0.26630643917925223
0.26630643917925223
0.2333489422687755
0.26630643917925223
0.26630643917925223
0.26630643917925223
0.26630643917925223
0.26630643917925223
0.26630643917925223
0.26630643917925223
0.26630643917925223
0.26630643917925223
0.26630643917925223
0.26630643917925223
0.26630643917925223
0.26630643917925223
0.2333489422687755
0.2333489422687755
0.26630643917925223
0.26630643917925223
0.26630643917925223
0.26630643917925223
0.26630643917925223
0.26630643917925223
0.2333489422687755
0.26630643917925223
0.2333489422687755
0.2333489422687755
0.26630643917925223
0.26630643917925223
0.2333489422687755
0.26630643917925223
0.2333489422687755
0.2333489422687755
0.2333489422687755
0.2333489422687755
0.2333489422687755
0.2333489422687755
0.2333489422687755
0.2333489422687755
0.2333489422687755
0.2333489422687755
0.2333489422687755
0.2333489422687755
0.2333489422687755
0.26630643917925223
0.26630643917925223
0.2333489422687755
0.2333489422687755
0.2333489422687755
0.2333489422687755
0.26630643917925223
0.26630643917925223
0.2333489422687755
0.2333489422687755
0.2333489422687755
0.2333489422687755
0.2333489422687755
0.2333489422687755
0.2333489422687755
0.2333489422687755
0.2333489422687755
0.2333489422687755
0.2333489422687755
0.2333489422687755
0.2333489422687755
0.2333489422687755
0.2333489422687755
0.2333489422687755
0.2333489422687755
0.2333489422687755
0.2333489422687755
0.2333489422687755
0.2333489422687755
0.2333489422687755
0.2333489422687755
0.2333489422687755
0.42661924465334805
0.2333489422687755
0.2333489422687755
0.2333489422687755
0.2333489422687755
0.2333489422687755
0.2333489422687755
0.22943887384257805
0.2333489422687755
0.2333489422687755
0.2333489422687755
0.2333489422687755
0.2333489422687755
0.2333489422687755
0.2333489422687755
0.2333489422687755
0.2333489422687755
0.2333489422687755
0.2333489422687755
0.2333489422687755
0.22943887384257805
0.2333489422687755
0.2333489422687755
0.2333489422687755
0.2333489422687755
0.2333489422687755
0.2333489422687755
0.22943887384257805
0.2333489422687755
0.2333489422687755
0.2333489422687755
0.2333489422687755
0.2333489422687755
0.2333489422687755
0.2333489422687755
0.2333489422687755
0.2333489422687755
0.2333489422687755
0.2333489422687755
0.22943887384257805
0.2333489422687755
0.2333489422687755
0.5506551903619352
0.2333489422687755
0.2333489422687755
0.2333489422687755
0.22943887384257805
0.2333489422687755
0.2333489422687755
0.22943887384257805
0.2333489422687755
0.2333489422687755
0.2333489422687755
0.2333489422687755
0.2333489422687755
0.2333489422687755
0.22943887384257805
0.2333489422687755
0.22943887384257805
0.2333489422687755
0.22943887384257805
0.22943887384257805
0.22943887384257805
0.2333489422687755
0.2333489422687755
0.2333489422687755
0.22943887384257805
0.2333489422687755
0.2333489422687755
0.22943887384257805
0.22943887384257805
0.2333489422687755
0.2333489422687755
0.22943887384257805
0.2333489422687755
0.1870123029630445
0.22943887384257805
0.2333489422687755
0.22943887384257805
0.22943887384257805
0.22943887384257805
0.2333489422687755
0.22943887384257805
0.22943887384257805
0.22943887384257805
0.22943887384257805
0.42661924465334805
0.22943887384257805
0.1870123029630445
0.22943887384257805
0.22943887384257805
0.1870123029630445
0.22943887384257805
0.22943887384257805
0.2540452272739628
0.2333489422687755
0.22943887384257805
0.22943887384257805
0.22943887384257805
0.22943887384257805
0.22943887384257805
0.22943887384257805
0.18310223453684704
0.22943887384257805
0.22943887384257805
0.22943887384257805
0.1870123029630445
0.22943887384257805
0.22943887384257805
0.3848255558001321
0.22943887384257805
0.1870123029630445
0.22943887384257805
0.22943887384257805
0.1870123029630445
0.22943887384257805
0.22943887384257805
0.22943887384257805
0.1870123029630445
0.1870123029630445
0.22943887384257805
0.22943887384257805
0.1870123029630445
0.22943887384257805
0.18310223453684704
0.22943887384257805
0.22943887384257805
0.18310223453684704
0.1870123029630445
0.1870123029630445
0.18310223453684704
0.18310223453684704
0.22943887384257805
0.1870123029630445
0.1870123029630445
0.22943887384257805
0.1870123029630445
0.22943887384257805
0.1870123029630445
0.18310223453684704
0.18310223453684704
0.18310223453684704
0.1870123029630445
0.1870123029630445
0.22943887384257805
0.18310223453684704
0.18310223453684704
0.2553045391823413
0.18310223453684704
0.18310223453684704
0.22943887384257805
0.18310223453684704
0.3061354287229083
0.1870123029630445
0.18310223453684704
0.18310223453684704
0.18310223453684704
0.18310223453684704
0.18310223453684704
0.18310223453684704
0.18310223453684704
0.18310223453684704
0.18310223453684704
0.18310223453684704
0.18310223453684704
0.18310223453684704
0.18310223453684704
0.18310223453684704
0.18310223453684704
0.18310223453684704
0.18310223453684704
0.18310223453684704
0.18310223453684704
0.18310223453684704
0.1870123029630445
0.18310223453684704
0.18310223453684704
0.18310223453684704
0.18310223453684704
0.18310223453684704
0.18310223453684704
0.18310223453684704
0.18310223453684704
0.18310223453684704
0.18310223453684704
0.18310223453684704
0.18310223453684704
0.18310223453684704
0.2435743339037489
0.18310223453684704
0.18310223453684704
0.18310223453684704
0.18310223453684704
0.18310223453684704
0.18310223453684704
0.18310223453684704
0.18310223453684704
0.18310223453684704
0.18310223453684704
0.18310223453684704
0.18310223453684704
0.18310223453684704
0.18310223453684704
0.18310223453684704
0.18310223453684704
0.18310223453684704
0.18310223453684704
0.18310223453684704
0.18310223453684704
0.18310223453684704
0.18310223453684704
0.18310223453684704
0.18310223453684704
0.18310223453684704
0.18310223453684704
0.18310223453684704
0.18310223453684704
0.18310223453684704
0.18310223453684704
0.18310223453684704
0.18310223453684704
0.18310223453684704
0.18310223453684704
0.18310223453684704
0.18310223453684704
0.18310223453684704
0.18310223453684704
0.18310223453684704
0.18310223453684704
0.18310223453684704
0.18310223453684704
0.18026762075079827
0.18310223453684704
0.18310223453684704
0.18310223453684704
0.18310223453684704
0.18310223453684704
0.18310223453684704
0.18310223453684704
0.18310223453684704
0.18310223453684704
0.18310223453684704
0.1948324398154394
0.16810916911866228
0.1870123029630445
0.18310223453684704
0.16810916911866228
0.1948324398154394
0.18310223453684704
0.18026762075079827
0.18310223453684704
0.18310223453684704
0.18310223453684704
0.18310223453684704
0.18310223453684704
0.18310223453684704
0.18026762075079827
0.18310223453684704
0.18310223453684704
0.18026762075079827
0.16810916911866228
0.18026762075079827
0.18310223453684704
0.18310223453684704
0.16810916911866228
0.18310223453684704
0.16810916911866228
0.1948324398154394
0.18310223453684704
0.18310223453684704
0.18310223453684704
0.16810916911866228
0.16810916911866228
0.18310223453684704
0.16810916911866228
0.18310223453684704
0.16859792767193696
0.16810916911866228
0.16810916911866228
0.16810916911866228
0.18310223453684704
0.16810916911866228
0.16810916911866228
0.16810916911866228
0.18026762075079827
0.16810916911866228
0.16859792767193696
0.16810916911866228
0.16810916911866228
0.16810916911866228
0.18026762075079827
0.16859792767193696
0.16810916911866228
0.18026762075079827
0.16810916911866228
0.16810916911866228
0.16810916911866228
0.16810916911866228
0.16810916911866228
0.16810916911866228
0.16810916911866228
0.16810916911866228
0.16810916911866228
0.16810916911866228
0.16810916911866228
0.16810916911866228
0.16810916911866228
0.16810916911866228
0.16810916911866228
0.16810916911866228
0.16810916911866228
0.365362292010465
0.16810916911866228
0.16810916911866228
0.16810916911866228
0.16810916911866228
0.16810916911866228
0.16810916911866228
0.16810916911866228
0.21538854734914742
0.16810916911866228
0.17201923754485973
0.16810916911866228
0.16810916911866228
0.16810916911866228
0.16810916911866228
0.16810916911866228
0.16810916911866228
0.16810916911866228
0.16810916911866228
0.16810916911866228
0.16810916911866228
0.16810916911866228
0.365362292010465
0.16810916911866228
0.16810916911866228
0.16810916911866228
0.16810916911866228
0.16810916911866228
0.2196876901035207
0.16810916911866228
0.16810916911866228
0.16810916911866228
0.16810916911866228
0.16810916911866228
0.16810916911866228
0.16810916911866228
0.16810916911866228
0.16810916911866228
0.16810916911866228
0.16810916911866228
0.16810916911866228
0.16810916911866228
0.16810916911866228
0.16810916911866228
0.16810916911866228
0.16810916911866228
0.16810916911866228
0.16810916911866228
0.22850989709355396
0.16810916911866228
0.16810916911866228
0.16810916911866228
0.16810916911866228
0.20504948653636923
0.16810916911866228
0.16810916911866228
0.16810916911866228
0.16810916911866228
0.16810916911866228
0.16810916911866228
0.2571750485273441
0.365362292010465
0.16810916911866228
0.16810916911866228
0.16810916911866228
0.16810916911866228
0.16810916911866228
0.16810916911866228
0.16810916911866228
0.16810916911866228
0.16810916911866228
0.21538854734914742
0.16810916911866228
0.16810916911866228
0.16810916911866228
0.16810916911866228
0.16810916911866228
0.16810916911866228
0.16810916911866228
0.16810916911866228
0.16810916911866228
0.16810916911866228
0.16810916911866228
0.16810916911866228
0.20504948653636923
0.16810916911866228
0.17201923754485973
0.16810916911866228
0.16810916911866228
0.16810916911866228
0.16810916911866228
0.16810916911866228
0.16810916911866228
0.16810916911866228
0.16810916911866228
0.16810916911866228
0.16810916911866228
0.16810916911866228
0.16810916911866228
0.16810916911866228
0.365362292010465
0.16810916911866228
0.16810916911866228
0.16810916911866228
0.2055707238606877
0.16810916911866228
0.16810916911866228
0.16810916911866228
0.16810916911866228
0.16810916911866228
0.16810916911866228
0.16810916911866228
0.16810916911866228
0.16810916911866228
0.16810916911866228
0.16810916911866228
0.16810916911866228
0.16810916911866228
0.16810916911866228
0.16810916911866228
0.16810916911866228
0.16810916911866228
0.16810916911866228
0.16810916911866228
0.16810916911866228
0.16810916911866228
0.16810916911866228
0.16810916911866228
0.16810916911866228
0.16810916911866228
0.16810916911866228
0.16810916911866228
0.16810916911866228
0.18310223453684704
0.16810916911866228
0.16810916911866228
0.16764512316368466
0.16810916911866228
0.16810916911866228
0.16810916911866228
0.16810916911866228
0.16810916911866228
0.16810916911866228
0.16810916911866228
0.16810916911866228
0.16810916911866228
0.16810916911866228
0.16810916911866228
0.365362292010465
0.16810916911866228
0.16810916911866228
0.15051342339589283
0.1838818776427888
0.16810916911866228
0.16810916911866228
0.16810916911866228
0.16810916911866228
0.16810916911866228
0.16810916911866228
0.16810916911866228
0.16810916911866228
0.16810916911866228
0.16810916911866228
0.16810916911866228
0.16810916911866228
0.16764512316368466
0.16810916911866228
0.16810916911866228
0.16810916911866228
0.16810916911866228
0.16810916911866228
0.15051342339589283
0.1838818776427888
0.1838818776427888
0.15051342339589283
0.16764512316368466
0.16810916911866228
0.16810916911866228
0.16810916911866228
0.1838818776427888
0.15051342339589283
0.16810916911866228
0.16810916911866228
0.1838818776427888
0.15051342339589283
0.1838818776427888
0.15051342339589283
0.15051342339589283
0.16810916911866228
0.16810916911866228
0.15051342339589283
0.18310223453684704
0.16810916911866228
0.15051342339589283
0.16764512316368466
0.15051342339589283
0.15051342339589283
0.15051342339589283
0.16810916911866228
0.16810916911866228
0.17104172043831037
0.16810916911866228
0.15051342339589283
0.15051342339589283
0.16810916911866228
0.15051342339589283
0.15051342339589283
0.15051342339589283
0.16810916911866228
0.15051342339589283
0.15051342339589283
0.16810916911866228
0.15051342339589283
0.15051342339589283
0.15051342339589283
0.15051342339589283
0.15051342339589283
0.15051342339589283
0.15051342339589283
0.15051342339589283
0.15051342339589283
0.15051342339589283
0.15051342339589283
0.16810916911866228
0.15051342339589283
0.15051342339589283
0.15051342339589283
0.15051342339589283
0.15051342339589283
0.15051342339589283
0.15051342339589283
0.15051342339589283
0.15051342339589283
0.15051342339589283
0.15051342339589283
0.15051342339589283
0.15051342339589283
0.1618735815972122
0.15051342339589283
0.15051342339589283
0.15051342339589283
0.15051342339589283
0.15051342339589283
0.15051342339589283
0.15051342339589283
0.15051342339589283
0.15051342339589283
0.15051342339589283
0.15051342339589283
0.15051342339589283
0.15051342339589283
0.15051342339589283
0.15051342339589283
0.15051342339589283
0.16810916911866228
0.15051342339589283
0.15051342339589283
0.15051342339589283
0.15051342339589283
0.15051342339589283
0.15051342339589283
0.15051342339589283
0.1744025181115021
0.15051342339589283
0.15051342339589283
0.15051342339589283
0.15051342339589283
0.15051342339589283
0.15051342339589283
0.15051342339589283
0.15051342339589283
0.15051342339589283
0.15051342339589283
0.15051342339589283
0.15051342339589283
0.15051342339589283
0.15051342339589283
0.15051342339589283
0.1510021819491675
0.15442349182209028
0.15051342339589283
0.15051342339589283
0.15051342339589283
0.15051342339589283
0.15051342339589283
0.15051342339589283
0.15051342339589283
0.15051342339589283
0.15051342339589283
0.15051342339589283
0.15051342339589283
0.15051342339589283
0.15051342339589283
0.15051342339589283
0.15051342339589283
0.15051342339589283
0.15051342339589283
0.15051342339589283
0.15051342339589283
0.15051342339589283
0.15051342339589283
0.15051342339589283
0.15051342339589283
0.15051342339589283
0.15051342339589283
0.15051342339589283
0.15051342339589283
0.15051342339589283
0.15051342339589283
0.15051342339589283
0.15051342339589283
0.15051342339589283
0.15051342339589283
0.15051342339589283
0.15051342339589283
0.15051342339589283
0.15051342339589283
0.15051342339589283
0.15051342339589283
0.15051342339589283
0.15051342339589283
0.15051342339589283
0.15051342339589283
0.15051342339589283
0.15051342339589283
0.15051342339589283
0.15051342339589283
0.15051342339589283
0.15051342339589283
0.1776088747662222
0.15051342339589283
0.20604606190664332
0.15051342339589283
0.15051342339589283
0.15051342339589283
0.15051342339589283
0.15051342339589283
0.15051342339589283
0.15051342339589283
0.15051342339589283
0.15051342339589283
0.15051342339589283
0.15051342339589283
0.15051342339589283
0.15051342339589283
0.15051342339589283
0.15051342339589283
0.15051342339589283
0.15051342339589283
0.15051342339589283
0.15051342339589283
0.15051342339589283
0.15051342339589283
0.15051342339589283
0.15051342339589283
0.15051342339589283
0.15051342339589283
0.15051342339589283
0.15051342339589283
0.1777837319754993
0.15051342339589283
0.15051342339589283
0.15051342339589283
0.15051342339589283
0.15051342339589283
0.15051342339589283
0.15051342339589283
0.15051342339589283
0.15051342339589283
0.15051342339589283
0.15051342339589283
0.15051342339589283
0.15051342339589283
0.15051342339589283
0.15051342339589283
0.15051342339589283
0.15051342339589283
0.15051342339589283
0.15051342339589283
0.15051342339589283
0.15051342339589283
0.15051342339589283
0.15051342339589283
0.15051342339589283
0.15051342339589283
0.15051342339589283
0.15051342339589283
0.15051342339589283
0.15051342339589283
0.15051342339589283
0.15051342339589283
0.15051342339589283
0.15051342339589283
0.15051342339589283
0.15051342339589283
0.15051342339589283
0.15051342339589283
0.15051342339589283
0.15051342339589283
0.15051342339589283
0.15051342339589283
0.15051342339589283
0.15051342339589283
0.15051342339589283
0.15051342339589283
0.1783536259916133
0.15051342339589283
0.15051342339589283
0.15051342339589283
0.15051342339589283
0.15051342339589283
0.15051342339589283
0.15051342339589283
0.15051342339589283
0.18310223453684704
0.15051342339589283
0.15051342339589283
0.15051342339589283
0.15051342339589283
0.15051342339589283
0.15051342339589283
0.15051342339589283
0.15051342339589283
0.21095750073070665
0.15051342339589283
0.15051342339589283
0.15051342339589283
0.15051342339589283
0.15051342339589283
0.15051342339589283
0.15051342339589283
0.15051342339589283
0.15051342339589283
0.15051342339589283
0.15051342339589283
0.15051342339589283
0.15051342339589283
0.15051342339589283
0.15051342339589283
0.15051342339589283
0.15051342339589283
0.15051342339589283
0.15051342339589283
0.15051342339589283
0.15051342339589283
0.15051342339589283
0.15051342339589283
0.15051342339589283
0.15051342339589283
0.15051342339589283
0.15051342339589283
0.15051342339589283
0.15051342339589283
0.15051342339589283
0.15051342339589283
0.15051342339589283
0.15051342339589283
0.15051342339589283
0.15051342339589283
0.15051342339589283
0.15051342339589283
0.15051342339589283
0.15051342339589283
0.15051342339589283
0.15051342339589283
0.15051342339589283
0.15051342339589283
0.15051342339589283
0.15051342339589283
0.15051342339589283
0.15051342339589283
0.15051342339589283
0.15051342339589283
0.15051342339589283
0.15051342339589283
0.15051342339589283
0.15051342339589283
0.15051342339589283
0.17104172043831037
0.15051342339589283
0.15051342339589283
0.15051342339589283
0.15051342339589283
0.15051342339589283
0.15051342339589283
0.15051342339589283
0.15051342339589283
0.15051342339589283
0.15051342339589283
0.15051342339589283
0.15051342339589283
0.15051342339589283
0.1690261740254806
0.15051342339589283
0.15051342339589283
0.15051342339589283
0.15051342339589283
0.15051342339589283
0.15051342339589283
0.1783536259916133
0.15051342339589283
0.15051342339589283
0.15051342339589283
0.15051342339589283
0.15051342339589283
0.15051342339589283
0.15051342339589283
0.15051342339589283
0.27351859554986596
0.15051342339589283
0.15051342339589283
0.15051342339589283
0.15051342339589283
0.15051342339589283
0.15051342339589283
0.15051342339589283
0.15051342339589283
0.15051342339589283
0.15051342339589283
0.15051342339589283
0.15051342339589283
0.15051342339589283
0.15051342339589283
0.15051342339589283
0.15051342339589283
0.19914958219714204
0.15051342339589283
0.15051342339589283
0.15051342339589283
0.15051342339589283
0.15051342339589283
0.15051342339589283
0.15051342339589283
0.15051342339589283
0.15051342339589283
0.15051342339589283
0.15051342339589283
0.15051342339589283
0.15051342339589283
0.15051342339589283
0.15051342339589283
0.15051342339589283
0.15051342339589283
0.15051342339589283
0.15051342339589283
0.15051342339589283
0.15051342339589283
0.15051342339589283
0.15051342339589283
0.15051342339589283
0.15051342339589283
0.15051342339589283
0.15051342339589283
0.15051342339589283
0.15442349182209028
0.15051342339589283
0.15051342339589283
0.15051342339589283
0.15051342339589283
0.15051342339589283
0.15051342339589283
0.15051342339589283
0.15051342339589283
0.15051342339589283
0.15051342339589283
0.27400735410314064
0.2537537386544213
0.15051342339589283
0.15051342339589283
0.15051342339589283
0.15051342339589283
0.15051342339589283
0.15051342339589283
0.15051342339589283
0.15051342339589283
0.15051342339589283
0.15051342339589283
0.15051342339589283
0.15051342339589283
0.15051342339589283
0.15051342339589283
0.15051342339589283
0.15051342339589283
0.15051342339589283
0.15051342339589283
0.15051342339589283
0.15051342339589283
0.15051342339589283
0.15051342339589283
0.15051342339589283
0.15051342339589283
0.15051342339589283
0.15051342339589283
0.15051342339589283
0.3478098956476177
0.15051342339589283
0.15051342339589283
0.15051342339589283
0.15051342339589283
0.15051342339589283
0.15051342339589283
0.15051342339589283
0.15051342339589283
0.15051342339589283
0.15051342339589283
0.15051342339589283
0.15051342339589283
0.15051342339589283
0.15051342339589283
0.15051342339589283
0.1510021819491675
0.15051342339589283
0.15051342339589283
0.15051342339589283
0.15051342339589283
0.15051342339589283
0.15051342339589283
0.18310223453684704
0.15051342339589283
0.15051342339589283
0.15051342339589283
0.15051342339589283
0.15051342339589283
0.15051342339589283
0.15051342339589283
0.15051342339589283
0.15051342339589283
0.1870123029630445
0.15051342339589283
0.15051342339589283
0.15051342339589283
0.15051342339589283
0.15051342339589283
0.15051342339589283
0.15051342339589283
0.15051342339589283
0.15051342339589283
0.15051342339589283
0.15051342339589283
0.15051342339589283
0.15051342339589283
0.15051342339589283
0.15051342339589283
0.15051342339589283
0.15051342339589283
0.15051342339589283
0.20428151834320854
0.5716171695951108
0.45254701965904903
0.45800362076793877
0.6117310077952848
0.5751573226544623
0.556590195500915
0.556590195500915
0.45374421874388504
0.5546127285364376
0.4682418444223914
0.5160278852732503
0.49123463776109405
0.5588709275562374
0.47664493589726437
0.4682418444223914
0.45800362076793877
0.15051342339589283
0.15051342339589283
0.15051342339589283
0.15051342339589283
0.4682418444223914
0.15051342339589283
0.15051342339589283
0.537439707697533
0.15051342339589283
0.15051342339589283
0.3478098956476177
0.23110893422514722
0.45254701965904903
0.15051342339589283
0.45254701965904903
0.2974352900958543
0.15051342339589283
0.15051342339589283
0.15051342339589283
0.15051342339589283
0.23682187009500438
0.15051342339589283
0.15051342339589283
0.49123463776109405
0.23682187009500438
0.15051342339589283
0.3478098956476177
0.15051342339589283
0.3478098956476177
0.23130182944959637
0.3478098956476177
0.20213599348044586
0.15051342339589283
0.15051342339589283
0.15051342339589283
0.15051342339589283
0.15051342339589283
0.15051342339589283
0.15051342339589283
0.15051342339589283
0.15051342339589283
0.15051342339589283
0.15051342339589283
0.15051342339589283
0.15051342339589283
0.15051342339589283
0.15051342339589283
0.15051342339589283
0.15051342339589283
0.15051342339589283
0.15051342339589283
0.15051342339589283
0.15051342339589283
0.23130182944959637
0.15051342339589283
0.27351859554986596
0.15051342339589283
0.15051342339589283
0.15051342339589283
0.15051342339589283
0.15051342339589283
0.15051342339589283
0.15051342339589283
0.15051342339589283
0.15051342339589283
0.15051342339589283
0.15051342339589283
0.15051342339589283
0.15051342339589283
0.15051342339589283
0.15051342339589283
0.15051342339589283
0.15051342339589283
0.15051342339589283
0.15051342339589283
0.15051342339589283
0.2571750485273441
0.15051342339589283
0.15051342339589283
0.15051342339589283
0.15051342339589283
0.15051342339589283
0.15051342339589283
0.15051342339589283
0.15051342339589283
0.15051342339589283
0.15051342339589283
0.15051342339589283
0.15051342339589283
0.15051342339589283
0.15051342339589283
0.15051342339589283
0.15051342339589283
0.15051342339589283
0.15051342339589283
0.15051342339589283
0.15051342339589283
0.15051342339589283
0.15051342339589283
0.15051342339589283
0.15051342339589283
0.15051342339589283
0.15051342339589283
0.15051342339589283
0.15051342339589283
0.15051342339589283
0.15051342339589283
0.15051342339589283
0.15051342339589283
0.15051342339589283
0.15051342339589283
0.15051342339589283
0.15051342339589283
0.15051342339589283
0.15051342339589283
0.15051342339589283
0.15051342339589283
0.15051342339589283
0.15051342339589283
0.15051342339589283
0.19914958219714204
0.15051342339589283
0.15051342339589283
0.15051342339589283
0.15051342339589283
0.15051342339589283
0.15051342339589283
0.15051342339589283
0.15051342339589283
0.15051342339589283
0.15051342339589283
0.15051342339589283
0.15051342339589283
0.15051342339589283
0.15051342339589283
0.20213599348044586
0.15051342339589283
0.15051342339589283
0.15051342339589283
0.15051342339589283
0.15051342339589283
0.15051342339589283
0.15051342339589283
0.15051342339589283
0.15051342339589283
0.15051342339589283
0.15051342339589283
0.15051342339589283
0.15051342339589283
0.15051342339589283
0.15051342339589283
0.15051342339589283
0.15051342339589283
0.15051342339589283
0.15051342339589283
0.15051342339589283
0.15051342339589283
0.15051342339589283
0.15051342339589283
0.15051342339589283
0.15051342339589283
0.15051342339589283
0.15051342339589283
0.15051342339589283
0.15051342339589283
0.15051342339589283
0.15051342339589283
0.15051342339589283
0.15051342339589283
0.15051342339589283
0.15051342339589283
0.15051342339589283
0.15051342339589283
0.15051342339589283
0.15051342339589283
0.15051342339589283
0.15051342339589283
0.15051342339589283
0.2696415543852657
0.15051342339589283
0.15051342339589283
0.15051342339589283
0.15051342339589283
0.15051342339589283
0.15051342339589283
0.15051342339589283
0.15051342339589283
0.15051342339589283
0.15051342339589283
0.15051342339589283
0.15051342339589283
0.15051342339589283
0.15051342339589283
0.15051342339589283
0.15051342339589283
0.15051342339589283
0.15051342339589283
0.15051342339589283
0.15051342339589283
0.15051342339589283
0.15051342339589283
0.32043941666423553
0.15051342339589283
0.15051342339589283
0.15051342339589283
0.15051342339589283
0.15051342339589283
0.15051342339589283
0.15051342339589283
0.15051342339589283
0.15051342339589283
0.15051342339589283
0.15051342339589283
0.15051342339589283
0.15051342339589283
0.15051342339589283
0.15051342339589283
0.15051342339589283
0.15051342339589283
0.15051342339589283
0.15051342339589283
0.15051342339589283
0.15051342339589283
0.15051342339589283
0.15051342339589283
0.15051342339589283
0.15051342339589283
0.15051342339589283
0.15051342339589283
0.15051342339589283
0.15051342339589283
0.15051342339589283
0.15051342339589283
0.15051342339589283
0.15051342339589283
0.3478098956476177
0.2055707238606877
0.15051342339589283
0.15051342339589283
0.15051342339589283
0.15051342339589283
0.15051342339589283
0.15051342339589283
0.15051342339589283
0.15051342339589283
0.15051342339589283
0.15051342339589283
0.15051342339589283
0.15051342339589283
0.15051342339589283
0.1870123029630445
0.15051342339589283
0.15051342339589283
0.15051342339589283
0.15051342339589283
0.15051342339589283
0.15051342339589283
0.15051342339589283
0.15051342339589283
0.15051342339589283
0.15051342339589283
0.1685374154722059
0.15051342339589283
0.15051342339589283
0.15051342339589283
0.15051342339589283
0.15051342339589283
0.15051342339589283
0.15051342339589283
0.15051342339589283
0.15051342339589283
0.15051342339589283
0.15051342339589283
0.15051342339589283
0.15051342339589283
0.15051342339589283
0.15051342339589283
0.15051342339589283
0.15051342339589283
0.15051342339589283
0.15051342339589283
0.15051342339589283
0.15051342339589283
0.15051342339589283
0.15051342339589283
0.15051342339589283
0.15051342339589283
0.15051342339589283
0.15051342339589283
0.15051342339589283
0.15051342339589283
0.15051342339589283
0.15051342339589283
0.15051342339589283
0.15051342339589283
0.15051342339589283
0.15051342339589283
0.15051342339589283
0.15051342339589283
0.15051342339589283
0.15051342339589283
0.15051342339589283
0.15051342339589283
0.15051342339589283
0.15051342339589283
0.15051342339589283
0.15051342339589283
0.15051342339589283
0.15051342339589283
0.15051342339589283
0.15051342339589283
0.15051342339589283
0.15051342339589283
0.15051342339589283
0.15051342339589283
0.15051342339589283
0.15051342339589283
0.15051342339589283
0.15051342339589283
0.15051342339589283
0.15051342339589283
0.15051342339589283
0.15051342339589283
0.15051342339589283
0.15051342339589283
0.15051342339589283
0.15051342339589283
0.15051342339589283
0.15051342339589283
0.15051342339589283
0.15051342339589283
0.15051342339589283
0.15051342339589283
0.15051342339589283
0.16764512316368466
0.15051342339589283
0.15051342339589283
0.15051342339589283
0.15051342339589283
0.171469966791854
0.15051342339589283
0.15051342339589283
0.15051342339589283
0.15051342339589283
0.15051342339589283
0.15051342339589283
0.15442349182209028
0.15051342339589283
0.15051342339589283
0.15051342339589283
0.15051342339589283
0.15051342339589283
0.15051342339589283
0.15051342339589283
0.15051342339589283
0.15051342339589283
0.15051342339589283
0.15051342339589283
0.15051342339589283
0.15051342339589283
0.15051342339589283
0.15051342339589283
0.15051342339589283
0.15051342339589283
0.15051342339589283
0.15051342339589283
0.19936365690802454
0.15051342339589283
0.15051342339589283
0.15051342339589283
0.2055707238606877
0.15051342339589283
0.15051342339589283
0.15051342339589283
0.15051342339589283
0.15051342339589283
0.15051342339589283
0.15051342339589283
0.15051342339589283
0.15051342339589283
0.15051342339589283
0.15051342339589283
0.15051342339589283
0.15051342339589283
0.15051342339589283
0.15051342339589283
0.1870123029630445
0.15051342339589283
0.15051342339589283
0.15051342339589283
0.15051342339589283
0.15051342339589283
0.15051342339589283
0.15051342339589283
0.15051342339589283
0.15051342339589283
0.15051342339589283
0.15051342339589283
0.15051342339589283
0.15051342339589283
0.15051342339589283
0.15051342339589283
0.15051342339589283
0.15051342339589283
0.15051342339589283
0.15051342339589283
0.15051342339589283
0.15051342339589283
0.15051342339589283
0.15051342339589283
0.15051342339589283
0.15051342339589283
0.15051342339589283
0.15051342339589283
0.15051342339589283
0.15051342339589283
0.15051342339589283
0.15051342339589283
0.15051342339589283
0.15051342339589283
0.15051342339589283
0.15051342339589283
0.15051342339589283
0.15051342339589283
0.15051342339589283
0.15051342339589283
0.15051342339589283
0.15051342339589283
0.15051342339589283
0.15051342339589283
0.15051342339589283
0.15051342339589283
0.15051342339589283
0.21095750073070665
0.15051342339589283
0.15051342339589283
0.15051342339589283
0.15051342339589283
0.15051342339589283
0.2537537386544213
0.18744677952726205
0.15051342339589283
0.15051342339589283
0.15051342339589283
0.15051342339589283
0.15051342339589283
0.15051342339589283
0.15051342339589283
0.15051342339589283
0.15051342339589283
0.2571750485273441
0.15051342339589283
0.15051342339589283
0.15051342339589283
0.15051342339589283
0.15051342339589283
0.15051342339589283
0.27351859554986596
0.15051342339589283
0.15051342339589283
0.15051342339589283
0.15051342339589283
0.15051342339589283
0.15051342339589283
0.15051342339589283
0.15051342339589283
0.15051342339589283
0.15051342339589283
0.15051342339589283
0.15051342339589283
0.15051342339589283
0.15051342339589283
0.15051342339589283
0.15051342339589283
0.15051342339589283
0.15051342339589283
0.15051342339589283
0.15051342339589283
0.15051342339589283
0.15051342339589283
0.15051342339589283
0.15051342339589283
0.15051342339589283
0.1510021819491675
