0.4771436325552644
0.3922382493864821
0.4771436325552644
1.0
0.34284317928245683
0.3922382493864821
0.3411503417825136
0.4771436325552644
0.34284317928245683
0.3146344345715964
0.4108622159790613
0.34284317928245683
0.4771436325552644
0.5803733926852465
0.33948796003502574
1.0
0.5803733926852465
0.34284317928245683
1.0
0.9085413675548839
0.3411503417825136
1.0
0.4771436325552644
0.3357909931047417
0.4771436325552644
0.3411503417825136
0.34284317928245683
0.4771436325552644
0.33243577385731066
0.34284317928245683
0.46730947226080166
0.34284317928245683
0.34284317928245683
0.4771436325552644
0.34284317928245683
0.34284317928245683
0.3922382493864821
0.3411503417825136
0.5803733926852465
1.0
0.34284317928245683
0.3411503417825136
0.3411503417825136
0.34284317928245683
0.34284317928245683
0.3411503417825136
0.34284317928245683
0.33243577385731066
0.3357909931047417
0.3411503417825136
0.5803733926852465
0.34284317928245683
0.32291232551072896
0.34284317928245683
0.34284317928245683
0.3922382493864821
0.3411503417825136
0.34284317928245683
0.3411503417825136
0.46730947226080166
0.3411503417825136
0.33948796003502574
0.34284317928245683
0.3357909931047417
0.26839733806285926
0.33948796003502574
0.34284317928245683
0.34284317928245683
0.34284317928245683
0.3357909931047417
0.3411503417825136
0.34284317928245683
0.3357909931047417
0.3411503417825136
0.34284317928245683
0.34284317928245683
0.3411503417825136
0.4771436325552644
0.31294159707165314
0.34284317928245683
0.3411503417825136
0.34284317928245683
0.26670450056291595
0.34284317928245683
0.3357909931047417
0.33948796003502574
0.33948796003502574
0.34284317928245683
0.34284317928245683
0.3357909931047417
0.3411503417825136
0.31294159707165314
0.34284317928245683
0.3357909931047417
0.3357909931047417
0.26839733806285926
0.3411503417825136
0.34284317928245683
0.3357909931047417
0.33243577385731066
0.32291232551072896
0.3411503417825136
0.3357909931047417
0.34284317928245683
0.3357909931047417
0.34284317928245683
0.31294159707165314
0.3411503417825136
0.3411503417825136
0.3357909931047417
0.34284317928245683
0.34284317928245683
0.3472198069737247
0.31294159707165314
0.32291232551072896
0.34284317928245683
0.3922382493864821
0.33948796003502574
0.3411503417825136
0.3161140848687163
0.3357909931047417
0.3411503417825136
0.3411503417825136
0.34284317928245683
0.31294159707165314
0.26839733806285926
0.28080887291834616
0.46730947226080166
0.3161140848687163
0.33948796003502574
0.3411503417825136
0.3411503417825136
0.32291232551072896
0.3411503417825136
0.3357909931047417
0.33243577385731066
0.31294159707165314
0.31294159707165314
0.2896693826851934
0.31294159707165314
0.3357909931047417
0.3357909931047417
0.34284317928245683
0.28289959677187854
0.30958637782422216
0.3637709710306441
0.3357909931047417
0.33409815560479844
0.3411503417825136
0.33948796003502574
0.3357909931047417
0.3465401462127409
0.5067221163145038
0.31294159707165314
0.3357909931047417
0.3411503417825136
0.4108622159790613
0.34284317928245683
0.2861986773485735
0.3442403331995832
0.26952537503400203
0.3472198069737247
0.2899517829495936
0.25798993263771314
0.32291232551072896
0.323310211864318
0.33243577385731066
0.30958637782422216
0.31294159707165314
0.3411503417825136
0.3161140848687163
0.3357909931047417
0.31294159707165314
0.31294159707165314
0.31294159707165314
0.3472198069737247
0.28080887291834616
0.2861986773485735
0.2613451518851442
0.33948796003502574
0.31294159707165314
0.31294159707165314
0.31294159707165314
0.31294159707165314
0.31294159707165314
0.2825017104182895
0.46730947226080166
0.33409815560479844
0.42069637627352396
0.28196736564194447
0.34002230481137075
0.26670450056291595
0.3411503417825136
0.2896693826851934
0.26839733806285926
0.26839733806285926
0.31294159707165314
0.3411503417825136
0.31294159707165314
0.33243577385731066
0.2861986773485735
0.2613451518851442
0.2613451518851442
0.25798993263771314
0.2812067592719353
0.33409815560479844
0.30958637782422216
0.26839733806285926
0.32226820469818285
0.2861986773485735
0.28080887291834616
0.33409815560479844
0.28786105909606124
0.2754495242405744
0.33243577385731066
0.31294159707165314
0.264759718551028
0.3116288276263848
0.31294159707165314
0.25798993263771314
0.26839733806285926
0.25798993263771314
0.30422702914645033
0.2737566867406311
0.2540105654430288
0.28786105909606124
0.25798993263771314
0.25798993263771314
0.2896693826851934
0.31294159707165314
0.25798993263771314
0.28196736564194447
0.28825894544965036
0.3146344345715964
0.26839733806285926
0.3411503417825136
0.25798993263771314
0.26839733806285926
0.2737566867406311
0.31294159707165314
